BATTERY,9,99.998587,8769.000000,,
BATTERY,9,99.998587,8769.000000,,
BATTERY,9,99.998309,10497.000000,,
BATTERY,9,99.997397,12450.000000,,
BATTERY,9,99.997277,13199.000000,,
BATTERY,9,99.996306,15280.000000,,
BATTERY,9,99.995898,17808.000000,,
BATTERY,9,99.995898,17808.000000,,
BATTERY,9,99.995032,23186.000000,,
BATTERY,9,99.995032,23186.000000,,
BATTERY,9,99.993661,31697.000000,,
BATTERY,9,99.993661,31697.000000,,
BATTERY,9,99.993485,32786.000000,,
BATTERY,9,99.992514,34867.000000,,
BATTERY,9,99.992158,37075.000000,,
BATTERY,9,99.992158,37075.000000,,
BATTERY,9,99.990894,44921.000000,,
BATTERY,9,99.990894,44921.000000,,
BATTERY,9,99.990465,47585.000000,,
BATTERY,9,99.990465,47585.000000,,
BATTERY,9,99.988236,61422.000000,,
BATTERY,9,99.988236,61422.000000,,
BATTERY,9,99.987687,64827.000000,,
BATTERY,9,99.986716,66908.000000,,
BATTERY,9,99.985329,75518.000000,,
BATTERY,9,99.985329,75518.000000,,
BATTERY,9,99.984921,78047.000000,,
BATTERY,9,99.984921,78047.000000,,
BATTERY,9,99.984688,79493.000000,,
BATTERY,9,99.983789,81253.000000,,
BATTERY,9,99.982969,86342.000000,,
BATTERY,9,99.982969,86342.000000,,
BATTERY,9,99.981948,92680.000000,,
BATTERY,9,99.981948,92680.000000,,
BATTERY,9,99.981437,95849.000000,,
BATTERY,9,99.981437,95849.000000,,
BATTERY,9,99.978939,111357.000000,,
BATTERY,9,99.978939,111357.000000,,
BATTERY,9,99.978702,112829.000000,,
BATTERY,9,99.977731,114910.000000,,
BATTERY,9,99.977169,118398.000000,,
BATTERY,9,99.977169,118398.000000,,
BATTERY,9,99.968801,170334.000000,,
BATTERY,9,99.968801,170334.000000,,
BATTERY,9,99.966592,184044.000000,,
BATTERY,9,99.966592,184044.000000,,
BATTERY,9,99.963550,202930.000000,,
BATTERY,9,99.962578,205011.000000,,
BATTERY,9,99.955873,246631.000000,,
BATTERY,9,99.955873,246631.000000,,
BATTERY,9,99.949166,288258.000000,,
BATTERY,9,99.949166,288258.000000,,
BATTERY,9,99.944386,317931.000000,,
BATTERY,9,99.944386,317931.000000,,
BATTERY,9,99.928349,417470.000000,,
BATTERY,9,99.927378,419551.000000,,
BATTERY,9,99.919686,467290.000000,,
BATTERY,9,99.919686,467290.000000,,
BATTERY,9,99.919077,471076.000000,,
BATTERY,9,99.919077,471076.000000,,
BATTERY,9,99.918617,473925.000000,,
BATTERY,9,99.918617,473925.000000,,
BATTERY,9,99.864079,812437.000000,,
BATTERY,9,99.864079,812437.000000,,
BATTERY,9,99.835789,988033.000000,,
BATTERY,9,99.835789,988033.000000,,
BATTERY,9,99.834200,997894.000000,,
BATTERY,9,99.833229,999975.000000,,
BATTERY,9,99.832251,1006048.000000,,
BATTERY,9,99.830795,1008896.000000,,
BATTERY,9,99.830620,1009985.000000,,
BATTERY,9,99.829708,1011938.000000,,
BATTERY,9,99.829584,1012706.000000,,
BATTERY,9,99.828165,1015747.000000,,
BATTERY,9,99.827698,1018649.906796,,
BATTERY,9,99.826798,1020409.906796,,
BATTERY,9,99.820708,1058213.000000,,
BATTERY,9,99.820708,1058213.000000,,
BATTERY,9,99.819164,1067794.226783,,
BATTERY,9,99.818264,1069554.226783,,
BATTERY,9,99.718576,1688308.000000,,
BATTERY,9,99.718576,1688308.000000,,
BATTERY,9,99.715387,1708101.000000,,
BATTERY,9,99.715387,1708101.000000,,
BATTERY,9,99.702334,1789122.000000,,
BATTERY,9,99.701363,1791203.000000,,
BATTERY,9,99.666697,2006368.000000,,
BATTERY,9,99.665242,2009216.000000,,
BATTERY,9,99.664860,2011585.000000,,
BATTERY,9,99.663949,2013538.000000,,
BATTERY,9,99.663719,2014966.000000,,
BATTERY,9,99.662300,2018007.000000,,
BATTERY,9,99.661589,2022417.133580,,
BATTERY,9,99.660689,2024177.133580,,
BATTERY,9,99.657055,2046737.000000,,
BATTERY,9,99.657055,2046737.000000,,
BATTERY,9,99.653880,2066441.453566,,
BATTERY,9,99.652981,2068201.453566,,
BATTERY,9,99.501986,3005408.000000,,
BATTERY,9,99.500531,3008256.000000,,
BATTERY,9,99.500149,3010624.000000,,
BATTERY,9,99.498730,3013665.000000,,
BATTERY,9,99.498555,3014753.000000,,
BATTERY,9,99.497643,3016706.000000,,
BATTERY,9,99.497354,3018504.360363,,
BATTERY,9,99.496454,3020264.360363,,
BATTERY,9,99.489026,3066368.680349,,
BATTERY,9,99.488127,3068128.680349,,
BATTERY,9,99.472041,3167968.000000,,
BATTERY,9,99.472041,3167968.000000,,
BATTERY,9,99.436723,3387187.000000,,
BATTERY,9,99.435752,3389268.000000,,
BATTERY,9,99.411221,3541526.000000,,
BATTERY,9,99.411221,3541526.000000,,
BATTERY,9,99.399550,3613966.000000,,
BATTERY,9,99.399550,3613966.000000,,
BATTERY,9,99.336381,4006048.000000,,
BATTERY,9,99.334926,4008896.000000,,
BATTERY,9,99.334596,4010945.000000,,
BATTERY,9,99.333684,4012898.000000,,
BATTERY,9,99.333251,4015586.000000,,
BATTERY,9,99.331832,4018627.000000,,
BATTERY,9,99.331451,4020991.587146,,
BATTERY,9,99.330552,4022751.587146,,
BATTERY,9,99.323588,4065975.907132,,
BATTERY,9,99.322688,4067735.907132,,
BATTERY,9,99.171825,5004128.000000,,
BATTERY,9,99.170369,5006976.000000,,
BATTERY,9,99.168793,5016758.813929,,
BATTERY,9,99.167894,5018518.813929,,
BATTERY,9,99.167563,5020567.813929,,
BATTERY,9,99.166144,5023608.813929,,
BATTERY,9,99.166021,5024376.813929,,
BATTERY,9,99.165109,5026329.813929,,
BATTERY,9,99.158476,5067503.133915,,
BATTERY,9,99.157576,5069263.133915,,
BATTERY,9,99.006547,6006688.000000,,
BATTERY,9,99.005091,6009536.000000,,
BATTERY,9,99.004864,6010945.000000,,
BATTERY,9,99.003953,6012898.000000,,
BATTERY,9,99.003445,6016046.040712,,
BATTERY,9,99.002546,6017806.040712,,
BATTERY,9,99.002319,6019215.040712,,
BATTERY,9,99.000900,6022256.040712,,
BATTERY,9,98.993982,6065190.360698,,
BATTERY,9,98.993083,6066950.360698,,
BATTERY,9,98.966599,6231335.000000,,
BATTERY,9,98.966599,6231335.000000,,
BATTERY,9,98.913760,6559297.000000,,
BATTERY,9,98.912789,6561378.000000,,
BATTERY,9,98.840993,7007008.000000,,
BATTERY,9,98.839538,7009856.000000,,
BATTERY,9,98.839156,7012225.000000,,
BATTERY,9,98.838245,7014178.000000,,
BATTERY,9,98.836924,7022373.267495,,
BATTERY,9,98.836025,7024133.267495,,
BATTERY,9,98.835798,7025542.267495,,
BATTERY,9,98.834379,7028583.267495,,
BATTERY,9,98.828286,7066397.587481,,
BATTERY,9,98.827387,7068157.587481,,
BATTERY,9,98.817690,7128342.000000,,
BATTERY,9,98.817690,7128342.000000,,
BATTERY,9,98.676076,8007328.000000,,
BATTERY,9,98.674620,8010176.000000,,
BATTERY,9,98.674548,8010625.000000,,
BATTERY,9,98.673637,8012578.000000,,
BATTERY,9,98.673255,8014946.000000,,
BATTERY,9,98.671836,8017987.000000,,
BATTERY,9,98.670966,8023388.494278,,
BATTERY,9,98.670066,8025148.494278,,
BATTERY,9,98.663638,8065044.814264,,
BATTERY,9,98.662739,8066804.814264,,
BATTERY,9,98.634757,8240486.000000,,
BATTERY,9,98.634757,8240486.000000,,
BATTERY,9,98.511726,9004128.000000,,
BATTERY,9,98.510270,9006976.000000,,
BATTERY,9,98.509579,9011264.000000,,
BATTERY,9,98.508160,9014305.000000,,
BATTERY,9,98.508018,9015187.721061,,
BATTERY,9,98.507118,9016947.721061,,
BATTERY,9,98.506994,9017716.721061,,
BATTERY,9,98.506083,9019669.721061,,
BATTERY,9,98.498784,9064972.041047,,
BATTERY,9,98.497885,9066732.041047,,
BATTERY,9,98.346654,10005408.000000,,
BATTERY,9,98.345198,10008256.000000,,
BATTERY,9,98.345177,10008385.000000,,
BATTERY,9,98.344266,10010338.000000,,
BATTERY,9,98.344142,10011106.000000,,
BATTERY,9,98.342723,10014147.000000,,
BATTERY,9,98.342567,10015114.947844,,
BATTERY,9,98.341667,10016874.947844,,
BATTERY,9,98.333982,10064579.267830,,
BATTERY,9,98.333082,10066339.267830,,
BATTERY,9,98.181891,11004768.000000,,
BATTERY,9,98.180435,11007616.000000,,
BATTERY,9,98.180157,11009345.000000,,
BATTERY,9,98.179245,11011298.000000,,
BATTERY,9,98.179121,11012066.000000,,
BATTERY,9,98.177702,11015107.000000,,
BATTERY,9,98.177558,11016002.174627,,
BATTERY,9,98.176659,11017762.174627,,
BATTERY,9,98.169334,11063226.494613,,
BATTERY,9,98.168434,11064986.494613,,
BATTERY,9,98.016819,12006048.000000,,
BATTERY,9,98.015363,12008896.000000,,
BATTERY,9,98.015033,12010945.000000,,
BATTERY,9,98.014122,12012898.000000,,
BATTERY,9,98.013942,12014009.401410,,
BATTERY,9,98.013043,12015769.401410,,
BATTERY,9,98.012971,12016218.401410,,
BATTERY,9,98.011551,12019259.401410,,
BATTERY,9,98.004325,12064113.721397,,
BATTERY,9,98.003425,12065873.721397,,
BATTERY,9,97.928917,12528341.000000,,
BATTERY,9,97.927946,12530422.000000,,
BATTERY,9,97.851206,13006736.747307,,
BATTERY,9,97.850295,13008689.747307,,
BATTERY,9,97.849604,13012976.628193,,
BATTERY,9,97.848704,13014736.628193,,
BATTERY,9,97.840916,13063080.948180,,
BATTERY,9,97.840016,13064840.948180,,
BATTERY,9,97.688532,14005088.000000,,
BATTERY,9,97.687076,14007936.000000,,
BATTERY,9,97.686952,14008705.000000,,
BATTERY,9,97.686041,14010658.000000,,
BATTERY,9,97.685917,14011426.000000,,
BATTERY,9,97.684498,14014467.000000,,
BATTERY,9,97.684441,14014823.854976,,
BATTERY,9,97.683541,14016583.854976,,
BATTERY,9,97.675907,14063968.174963,,
BATTERY,9,97.675007,14065728.174963,,
BATTERY,9,97.660395,14156426.000000,,
BATTERY,9,97.660395,14156426.000000,,
BATTERY,9,97.640444,14280260.000000,,
BATTERY,9,97.640444,14280260.000000,,
BATTERY,9,97.523460,15006368.000000,,
BATTERY,9,97.522004,15009216.000000,,
BATTERY,9,97.521164,15014431.081759,,
BATTERY,9,97.520264,15016191.081759,,
BATTERY,9,97.520089,15017280.081759,,
BATTERY,9,97.519177,15019233.081759,,
BATTERY,9,97.518848,15021281.081759,,
BATTERY,9,97.517428,15024322.081759,,
BATTERY,9,97.511465,15061335.401746,,
BATTERY,9,97.510566,15063095.401746,,
BATTERY,9,97.358697,16005728.000000,,
BATTERY,9,97.357241,16008576.000000,,
BATTERY,9,97.357066,16009665.000000,,
BATTERY,9,97.356154,16011618.000000,,
BATTERY,9,97.355979,16012706.000000,,
BATTERY,9,97.354560,16015747.000000,,
BATTERY,9,97.353053,16025102.709616,,
BATTERY,9,97.352153,16026862.709616,,
BATTERY,9,97.346559,16061582.628529,,
BATTERY,9,97.345660,16063342.628529,,
BATTERY,9,97.339671,16100516.000000,,
BATTERY,9,97.339671,16100516.000000,,
BATTERY,9,97.193780,17006048.000000,,
BATTERY,9,97.192324,17008896.000000,,
BATTERY,9,97.192252,17009345.000000,,
BATTERY,9,97.191340,17011298.000000,,
BATTERY,9,97.190959,17013666.000000,,
BATTERY,9,97.189540,17016707.000000,,
BATTERY,9,97.189156,17019085.535325,,
BATTERY,9,97.188257,17020845.535325,,
BATTERY,9,97.181602,17062149.855312,,
BATTERY,9,97.180703,17063909.855312,,
BATTERY,9,97.028782,18006865.880886,,
BATTERY,9,97.027871,18008818.880886,,
BATTERY,9,97.027317,18012256.000000,,
BATTERY,9,97.025861,18015104.000000,,
BATTERY,9,97.025789,18015552.000000,,
BATTERY,9,97.024370,18018593.000000,,
BATTERY,9,97.023746,18022465.000000,,
BATTERY,9,97.022846,18024225.000000,,
BATTERY,9,97.016851,18061437.082095,,
BATTERY,9,97.015952,18063197.082095,,
BATTERY,9,96.864254,19004768.000000,,
BATTERY,9,96.862798,19007616.000000,,
BATTERY,9,96.862211,19011265.000000,,
BATTERY,9,96.861299,19013218.000000,,
BATTERY,9,96.860969,19015266.000000,,
BATTERY,9,96.859550,19018307.000000,,
BATTERY,9,96.859139,19020859.988891,,
BATTERY,9,96.858239,19022619.988891,,
BATTERY,9,96.852203,19060084.308878,,
BATTERY,9,96.851304,19061844.308878,,
BATTERY,9,96.699001,20007173.534318,,
BATTERY,9,96.698089,20009126.534318,,
BATTERY,9,96.698018,20009568.000000,,
BATTERY,9,96.696562,20012416.000000,,
BATTERY,9,96.696284,20014144.000000,,
BATTERY,9,96.694865,20017185.000000,,
BATTERY,9,96.694550,20019137.000000,,
BATTERY,9,96.693651,20020897.000000,,
BATTERY,9,96.687143,20061291.535661,,
BATTERY,9,96.686243,20063051.535661,,
BATTERY,9,96.534058,21007647.361034,,
BATTERY,9,96.533147,21009600.361034,,
BATTERY,9,96.532436,21014017.000000,,
BATTERY,9,96.531536,21015777.000000,,
BATTERY,9,96.524524,21059298.762444,,
BATTERY,9,96.523625,21061058.762444,,
BATTERY,9,96.371479,22005408.000000,,
BATTERY,9,96.370024,22008256.000000,,
BATTERY,9,96.369745,22009985.000000,,
BATTERY,9,96.368834,22011938.000000,,
BATTERY,9,96.368657,22013032.801477,,
BATTERY,9,96.367238,22016073.801477,,
BATTERY,9,96.366125,22022986.470717,,
BATTERY,9,96.365225,22024746.470717,,
BATTERY,9,96.359722,22058905.989227,,
BATTERY,9,96.358822,22060665.989227,,
BATTERY,9,96.206717,23004768.000000,,
BATTERY,9,96.205261,23007616.000000,,
BATTERY,9,96.205240,23007745.000000,,
BATTERY,9,96.204329,23009698.000000,,
BATTERY,9,96.204176,23010648.896023,,
BATTERY,9,96.203276,23012408.896023,,
BATTERY,9,96.202430,23017657.896023,,
BATTERY,9,96.201011,23020698.896023,,
BATTERY,9,96.194661,23060113.216010,,
BATTERY,9,96.193762,23061873.216010,,
BATTERY,9,96.041851,24004768.000000,,
BATTERY,9,96.040395,24007616.000000,,
BATTERY,9,96.040323,24008065.000000,,
BATTERY,9,96.039411,24010018.000000,,
BATTERY,9,96.039270,24010896.122806,,
BATTERY,9,96.038370,24012656.122806,,
BATTERY,9,96.038195,24013745.122806,,
BATTERY,9,96.036776,24016786.122806,,
BATTERY,9,96.029859,24059720.442793,,
BATTERY,9,96.028959,24061480.442793,,
BATTERY,9,95.876830,25005728.000000,,
BATTERY,9,95.875375,25008576.000000,,
BATTERY,9,95.875117,25010177.000000,,
BATTERY,9,95.874217,25011937.000000,,
BATTERY,9,95.874093,25012706.000000,,
BATTERY,9,95.873182,25014659.000000,,
BATTERY,9,95.865934,25059647.669576,,
BATTERY,9,95.865034,25061407.669576,,
BATTERY,9,95.712997,26005088.000000,,
BATTERY,9,95.711541,26007936.000000,,
BATTERY,9,95.711520,26008065.000000,,
BATTERY,9,95.710609,26010018.000000,,
BATTERY,9,95.710434,26011106.000000,,
BATTERY,9,95.709014,26014147.000000,,
BATTERY,9,95.708144,26019548.978118,,
BATTERY,9,95.707245,26021308.978118,,
BATTERY,9,95.702605,26050108.000000,,
BATTERY,9,95.702605,26050108.000000,,
BATTERY,9,95.701389,26057654.896359,,
BATTERY,9,95.700489,26059414.896359,,
BATTERY,9,95.547879,27006650.321329,,
BATTERY,9,95.546968,27008603.321329,,
BATTERY,9,95.546044,27014337.000000,,
BATTERY,9,95.545144,27016097.000000,,
BATTERY,9,95.538306,27058542.123142,,
BATTERY,9,95.537407,27060302.123142,,
BATTERY,9,95.501115,27285558.000000,,
BATTERY,9,95.501115,27285558.000000,,
BATTERY,9,95.385327,28004244.148045,,
BATTERY,9,95.384416,28006197.148045,,
BATTERY,9,95.383963,28009005.029939,,
BATTERY,9,95.383064,28010765.029939,,
BATTERY,9,95.375481,28057829.349925,,
BATTERY,9,95.374581,28059589.349925,,
BATTERY,9,95.282745,28629607.000000,,
BATTERY,9,95.281774,28631688.000000,,
BATTERY,9,95.221675,29004717.974761,,
BATTERY,9,95.220764,29006670.974761,,
BATTERY,9,95.220451,29008612.256722,,
BATTERY,9,95.219551,29010372.256722,,
BATTERY,9,95.211865,29058076.576708,,
BATTERY,9,95.210966,29059836.576708,,
BATTERY,9,95.058779,30004448.000000,,
BATTERY,9,95.057323,30007296.000000,,
BATTERY,9,95.057147,30008385.000000,,
BATTERY,9,95.056236,30010338.000000,,
BATTERY,9,95.055391,30015586.000000,,
BATTERY,9,95.053971,30018627.000000,,
BATTERY,9,95.047937,30056083.803491,,
BATTERY,9,95.047037,30057843.803491,,
BATTERY,9,95.028858,30170682.000000,,
BATTERY,9,95.028858,30170682.000000,,
BATTERY,9,94.894333,31005665.628193,,
BATTERY,9,94.893421,31007618.628193,,
BATTERY,9,94.893210,31008928.000000,,
BATTERY,9,94.891755,31011776.000000,,
BATTERY,9,94.891425,31013824.000000,,
BATTERY,9,94.890005,31016865.000000,,
BATTERY,9,94.889799,31018145.000000,,
BATTERY,9,94.888900,31019905.000000,,
BATTERY,9,94.883134,31055691.030274,,
BATTERY,9,94.882235,31057451.030274,,
BATTERY,9,94.729803,32003579.454909,,
BATTERY,9,94.728891,32005532.454909,,
BATTERY,9,94.727387,32014872.739219,,
BATTERY,9,94.726487,32016632.739219,,
BATTERY,9,94.720000,32056898.257057,,
BATTERY,9,94.719100,32058658.257057,,
BATTERY,9,94.566632,33005013.281625,,
BATTERY,9,94.565720,33006966.281625,,
BATTERY,9,94.564791,33012737.000000,,
BATTERY,9,94.563891,33014497.000000,,
BATTERY,9,94.557381,33054905.483840,,
BATTERY,9,94.556481,33056665.483840,,
BATTERY,9,94.403370,34007009.000000,,
BATTERY,9,94.402471,34008769.000000,,
BATTERY,9,94.402295,34009858.000000,,
BATTERY,9,94.401384,34011811.000000,,
BATTERY,9,94.401142,34013313.992920,,
BATTERY,9,94.399686,34016161.992920,,
BATTERY,9,94.399511,34017249.992920,,
BATTERY,9,94.398092,34020290.992920,,
BATTERY,9,94.392578,34054512.710624,,
BATTERY,9,94.391679,34056272.710624,,
BATTERY,9,94.238983,35004040.935057,,
BATTERY,9,94.238071,35005993.935057,,
BATTERY,9,94.237917,35006953.935057,,
BATTERY,9,94.237017,35008713.935057,,
BATTERY,9,94.229650,35054439.937407,,
BATTERY,9,94.228751,35056199.937407,,
BATTERY,9,94.075915,36004834.761772,,
BATTERY,9,94.075004,36006787.761772,,
BATTERY,9,94.074607,36009249.000000,,
BATTERY,9,94.073708,36011009.000000,,
BATTERY,9,94.072831,36016452.402417,,
BATTERY,9,94.071375,36019300.402417,,
BATTERY,9,94.071045,36021348.402417,,
BATTERY,9,94.069626,36024389.402417,,
BATTERY,9,94.064848,36054047.164190,,
BATTERY,9,94.063948,36055807.164190,,
BATTERY,9,93.911179,37004028.588488,,
BATTERY,9,93.910268,37005981.588488,,
BATTERY,9,93.909690,37009569.000000,,
BATTERY,9,93.908790,37011329.000000,,
BATTERY,9,93.908048,37015935.873470,,
BATTERY,9,93.906592,37018783.873470,,
BATTERY,9,93.906262,37020831.873470,,
BATTERY,9,93.904843,37023872.873470,,
BATTERY,9,93.900045,37053654.390973,,
BATTERY,9,93.899146,37055414.390973,,
BATTERY,9,93.746340,38003862.415204,,
BATTERY,9,93.745429,38005815.415204,,
BATTERY,9,93.745326,38006455.415204,,
BATTERY,9,93.744426,38008215.415204,,
BATTERY,9,93.737065,38053901.617756,,
BATTERY,9,93.736166,38055661.617756,,
BATTERY,9,93.583286,39004572.602618,,
BATTERY,9,93.582386,39006332.602618,,
BATTERY,9,93.582262,39007101.602618,,
BATTERY,9,93.581351,39009054.602618,,
BATTERY,9,93.574189,39053508.844539,,
BATTERY,9,93.573289,39055268.844539,,
BATTERY,9,93.420520,40003489.000000,,
BATTERY,9,93.419621,40005249.000000,,
BATTERY,9,93.419291,40007298.000000,,
BATTERY,9,93.418379,40009251.000000,,
BATTERY,9,93.418014,40011517.754021,,
BATTERY,9,93.416559,40014365.754021,,
BATTERY,9,93.416229,40016413.754021,,
BATTERY,9,93.414809,40019454.754021,,
BATTERY,9,93.409335,40053436.071322,,
BATTERY,9,93.408435,40055196.071322,,
BATTERY,9,93.255056,41007203.895352,,
BATTERY,9,93.254145,41009156.895352,,
BATTERY,9,93.253864,41010898.380871,,
BATTERY,9,93.252965,41012658.380871,,
BATTERY,9,93.246407,41053363.298105,,
BATTERY,9,93.245507,41055123.298105,,
BATTERY,9,93.092813,42002877.722068,,
BATTERY,9,93.091902,42004830.722068,,
BATTERY,9,93.091537,42007092.802820,,
BATTERY,9,93.090638,42008852.802820,,
BATTERY,9,93.083736,42051690.524888,,
BATTERY,9,93.082837,42053450.524888,,
BATTERY,9,92.930145,43001193.431684,,
BATTERY,9,92.929245,43002953.431684,,
BATTERY,9,92.928863,43005322.431684,,
BATTERY,9,92.927952,43007275.431684,,
BATTERY,9,92.920653,43052577.751671,,
BATTERY,9,92.919754,43054337.751671,,
BATTERY,9,92.766198,44007440.261422,,
BATTERY,9,92.765299,44009200.261422,,
BATTERY,9,92.765072,44010609.261422,,
BATTERY,9,92.764160,44012562.261422,,
BATTERY,9,92.757777,44052184.978454,,
BATTERY,9,92.756877,44053944.978454,,
BATTERY,9,92.604074,45002379.202216,,
BATTERY,9,92.603163,45004332.202216,,
BATTERY,9,92.602621,45007693.202216,,
BATTERY,9,92.601722,45009453.202216,,
BATTERY,9,92.595003,45051152.205237,,
BATTERY,9,92.594104,45052912.205237,,
BATTERY,9,92.441412,46000655.112033,,
BATTERY,9,92.440512,46002415.112033,,
BATTERY,9,92.440492,46002544.112033,,
BATTERY,9,92.439580,46004497.112033,,
BATTERY,9,92.438402,46011808.000000,,
BATTERY,9,92.436947,46014656.000000,,
BATTERY,9,92.436720,46016064.000000,,
BATTERY,9,92.435301,46019105.000000,,
BATTERY,9,92.430407,46049479.432020,,
BATTERY,9,92.429507,46051239.432020,,
BATTERY,9,92.276116,47003326.855647,,
BATTERY,9,92.275204,47005279.855647,,
BATTERY,9,92.275101,47005919.855647,,
BATTERY,9,92.274202,47007679.855647,,
BATTERY,9,92.267221,47051006.658803,,
BATTERY,9,92.266322,47052766.658803,,
BATTERY,9,92.113630,48000509.565600,,
BATTERY,9,92.112730,48002269.565600,,
BATTERY,9,92.112709,48002398.565600,,
BATTERY,9,92.111798,48004351.565600,,
BATTERY,9,92.110339,48013408.000000,,
BATTERY,9,92.108883,48016256.000000,,
BATTERY,9,92.108811,48016704.000000,,
BATTERY,9,92.107392,48019745.000000,,
BATTERY,9,92.102728,48048693.885586,,
BATTERY,9,92.101828,48050453.885586,,
BATTERY,9,91.948724,49000756.792383,,
BATTERY,9,91.947824,49002516.792383,,
BATTERY,9,91.947752,49002965.792383,,
BATTERY,9,91.946841,49004918.792383,,
BATTERY,9,91.939697,49049261.112369,,
BATTERY,9,91.938797,49051021.112369,,
BATTERY,9,91.785796,50000684.019166,,
BATTERY,9,91.784896,50002444.019166,,
BATTERY,9,91.784875,50002573.019166,,
BATTERY,9,91.783964,50004526.019166,,
BATTERY,9,91.776768,50049188.339152,,
BATTERY,9,91.775869,50050948.339152,,
BATTERY,9,91.622692,51001702.162511,,
BATTERY,9,91.621780,51003655.162511,,
BATTERY,9,91.620930,51008936.162511,,
BATTERY,9,91.620030,51010696.162511,,
BATTERY,9,91.613892,51048795.565935,,
BATTERY,9,91.612992,51050555.565935,,
BATTERY,9,91.460228,51998746.472732,,
BATTERY,9,91.459329,52000506.472732,,
BATTERY,9,91.458999,52002555.472732,,
BATTERY,9,91.458087,52004508.472732,,
BATTERY,9,91.451222,52047122.792718,,
BATTERY,9,91.450322,52048882.792718,,
BATTERY,9,91.296814,53001689.815943,,
BATTERY,9,91.295903,53003642.815943,,
BATTERY,9,91.295697,53004922.815943,,
BATTERY,9,91.294797,53006682.815943,,
BATTERY,9,91.288087,53048330.019501,,
BATTERY,9,91.287188,53050090.019501,,
BATTERY,9,91.134599,53997192.926298,,
BATTERY,9,91.133699,53998952.926298,,
BATTERY,9,91.133027,54003123.642659,,
BATTERY,9,91.132116,54005076.642659,,
BATTERY,9,91.125520,54046017.246284,,
BATTERY,9,91.124620,54047777.246284,,
BATTERY,9,90.971619,54997440.153081,,
BATTERY,9,90.970720,54999200.153081,,
BATTERY,9,90.970269,55001997.469375,,
BATTERY,9,90.969357,55003950.469375,,
BATTERY,9,90.968042,55012115.156774,,
BATTERY,9,90.966586,55014963.156774,,
BATTERY,9,90.965586,55021171.156774,,
BATTERY,9,90.964167,55024212.156774,,
BATTERY,9,90.960511,55046904.473067,,
BATTERY,9,90.959612,55048664.473067,,
BATTERY,9,90.806971,55996087.379864,,
BATTERY,9,90.806072,55997847.379864,,
BATTERY,9,90.805120,56003751.296091,,
BATTERY,9,90.804209,56005704.296091,,
BATTERY,9,90.797635,56046511.699850,,
BATTERY,9,90.796735,56048271.699850,,
BATTERY,9,90.643345,57000348.410474,,
BATTERY,9,90.642445,57002108.410474,,
BATTERY,9,90.642424,57002237.410474,,
BATTERY,9,90.641513,57004190.410474,,
BATTERY,9,90.634861,57045478.926634,,
BATTERY,9,90.633961,57047238.926634,,
BATTERY,9,90.480857,57997541.833430,,
BATTERY,9,90.479958,57999301.833430,,
BATTERY,9,90.479782,58000390.833430,,
BATTERY,9,90.478871,58002343.833430,,
BATTERY,9,90.478326,58005728.000000,,
BATTERY,9,90.476870,58008576.000000,,
BATTERY,9,90.476746,58009344.000000,,
BATTERY,9,90.475327,58012385.000000,,
BATTERY,9,90.469801,58046686.153417,,
BATTERY,9,90.468901,58048446.153417,,
BATTERY,9,90.315591,59000029.060213,,
BATTERY,9,90.314691,59001789.060213,,
BATTERY,9,90.314464,59003198.060213,,
BATTERY,9,90.313553,59005151.060213,,
BATTERY,9,90.306976,59045973.380200,,
BATTERY,9,90.306076,59047733.380200,,
BATTERY,9,90.270106,59270996.000000,,
BATTERY,9,90.270106,59270996.000000,,
BATTERY,9,90.152641,60000090.291025,,
BATTERY,9,90.151741,60001850.291025,,
BATTERY,9,90.151360,60004219.291025,,
BATTERY,9,90.150448,60006172.291025,,
BATTERY,9,90.144202,60044940.606983,,
BATTERY,9,90.143303,60046700.606983,,
BATTERY,9,89.989245,61002920.429670,,
BATTERY,9,89.988334,61004873.429670,,
BATTERY,9,89.988282,61005193.429670,,
BATTERY,9,89.987382,61006953.429670,,
BATTERY,9,89.981274,61044867.833766,,
BATTERY,9,89.980375,61046627.833766,,
BATTERY,9,89.827734,61994050.740562,,
BATTERY,9,89.826835,61995810.740562,,
BATTERY,9,89.826077,62000514.256386,,
BATTERY,9,89.825165,62002467.256386,,
BATTERY,9,89.824485,62006688.000000,,
BATTERY,9,89.823030,62009536.000000,,
BATTERY,9,89.822854,62010624.000000,,
BATTERY,9,89.821435,62013665.000000,,
BATTERY,9,89.816575,62043835.060549,,
BATTERY,9,89.815675,62045595.060549,,
BATTERY,9,89.684700,62858544.000000,,
BATTERY,9,89.683729,62860625.000000,,
BATTERY,9,89.672814,62928373.000000,,
BATTERY,9,89.672814,62928373.000000,,
BATTERY,9,89.662296,62993657.967345,,
BATTERY,9,89.661396,62995417.967345,,
BATTERY,9,89.660550,63000668.083102,,
BATTERY,9,89.659639,63002621.083102,,
BATTERY,9,89.658908,63007160.171575,,
BATTERY,9,89.657452,63010008.171575,,
BATTERY,9,89.657122,63012056.171575,,
BATTERY,9,89.655703,63015097.171575,,
BATTERY,9,89.650930,63044722.287332,,
BATTERY,9,89.650030,63046482.287332,,
BATTERY,9,89.643753,63085446.000000,,
BATTERY,9,89.643753,63085446.000000,,
BATTERY,9,89.497308,63994412.798425,,
BATTERY,9,89.496409,63996172.798425,,
BATTERY,9,89.495763,64000181.909818,,
BATTERY,9,89.494851,64002134.909818,,
BATTERY,9,89.488311,64042729.514115,,
BATTERY,9,89.487412,64044489.514115,,
BATTERY,9,89.334004,64996673.425276,,
BATTERY,9,89.333105,64998433.425276,,
BATTERY,9,89.333084,64998562.425276,,
BATTERY,9,89.332172,65000515.425276,,
BATTERY,9,89.331178,65006688.000000,,
BATTERY,9,89.329722,65009536.000000,,
BATTERY,9,89.329547,65010624.000000,,
BATTERY,9,89.328128,65013665.000000,,
BATTERY,9,89.323509,65042336.740898,,
BATTERY,9,89.322609,65044096.740898,,
BATTERY,9,89.169341,65995414.052126,,
BATTERY,9,89.168442,65997174.052126,,
BATTERY,9,89.167959,66000169.563250,,
BATTERY,9,89.167048,66002122.563250,,
BATTERY,9,89.166106,66007968.000000,,
BATTERY,9,89.164650,66010816.000000,,
BATTERY,9,89.164320,66012864.000000,,
BATTERY,9,89.162901,66015905.000000,,
BATTERY,9,89.158448,66043543.967681,,
BATTERY,9,89.157549,66045303.967681,,
BATTERY,9,89.004575,66994794.678976,,
BATTERY,9,89.003676,66996554.678976,,
BATTERY,9,89.003326,66998723.389965,,
BATTERY,9,89.002415,67000676.389965,,
BATTERY,9,89.001395,67007008.000000,,
BATTERY,9,88.999939,67009856.000000,,
BATTERY,9,88.999815,67010624.000000,,
BATTERY,9,88.998396,67013665.000000,,
BATTERY,9,88.993646,67043151.194464,,
BATTERY,9,88.992746,67044911.194464,,
BATTERY,9,88.839836,67994005.915189,,
BATTERY,9,88.838937,67995765.915189,,
BATTERY,9,88.838384,67999197.216681,,
BATTERY,9,88.837473,68001150.216681,,
BATTERY,9,88.836684,68006048.000000,,
BATTERY,9,88.835228,68008896.000000,,
BATTERY,9,88.834434,68013824.000000,,
BATTERY,9,88.833015,68016865.000000,,
BATTERY,9,88.828998,68041798.421247,,
BATTERY,9,88.828098,68043558.421247,,
BATTERY,9,88.674936,68994222.928648,,
BATTERY,9,88.674036,68995982.928648,,
BATTERY,9,88.672875,69003191.043397,,
BATTERY,9,88.671963,69005144.043397,,
BATTERY,9,88.666224,69040765.648030,,
BATTERY,9,88.665325,69042525.648030,,
BATTERY,9,88.512254,69992616.559526,,
BATTERY,9,88.511355,69994376.559526,,
BATTERY,9,88.510632,69998864.870113,,
BATTERY,9,88.509720,70000817.870113,,
BATTERY,9,88.503245,70041012.874813,,
BATTERY,9,88.502345,70042772.874813,,
BATTERY,9,88.348489,70997738.696829,,
BATTERY,9,88.347578,70999691.696829,,
BATTERY,9,88.346657,71005409.000000,,
BATTERY,9,88.345757,71007169.000000,,
BATTERY,9,88.345653,71007817.955565,,
BATTERY,9,88.344197,71010665.955565,,
BATTERY,9,88.343816,71013033.955565,,
BATTERY,9,88.342396,71016074.955565,,
BATTERY,9,88.338545,71039980.101596,,
BATTERY,9,88.337646,71041740.101596,,
BATTERY,9,88.184391,71992977.813227,,
BATTERY,9,88.183491,71994737.813227,,
BATTERY,9,88.181772,72005408.000000,,
BATTERY,9,88.180316,72008256.000000,,
BATTERY,9,88.180141,72009345.000000,,
BATTERY,9,88.179229,72011298.000000,,
BATTERY,9,88.178951,72013026.000000,,
BATTERY,9,88.177532,72016067.000000,,
BATTERY,9,88.173536,72040867.328379,,
BATTERY,9,88.172637,72042627.328379,,
BATTERY,9,88.019779,72991398.440077,,
BATTERY,9,88.018880,72993158.440077,,
BATTERY,9,88.018247,72997086.350261,,
BATTERY,9,88.017335,72999039.350261,,
BATTERY,9,88.010969,73038554.555162,,
BATTERY,9,88.010069,73040314.555162,,
BATTERY,9,87.856673,73992427.995941,,
BATTERY,9,87.855774,73994187.995941,,
BATTERY,9,87.854251,74003640.176977,,
BATTERY,9,87.853340,74005593.176977,,
BATTERY,9,87.852802,74008928.000000,,
BATTERY,9,87.851347,74011776.000000,,
BATTERY,9,87.851017,74013824.000000,,
BATTERY,9,87.849598,74016865.000000,,
BATTERY,9,87.845857,74040081.781945,,
BATTERY,9,87.844958,74041841.781945,,
BATTERY,9,87.691915,74991759.693777,,
BATTERY,9,87.691016,74993519.693777,,
BATTERY,9,87.690495,74996754.003693,,
BATTERY,9,87.689583,74998707.003693,,
BATTERY,9,87.687885,75009248.000000,,
BATTERY,9,87.686429,75012096.000000,,
BATTERY,9,87.686357,75012544.000000,,
BATTERY,9,87.684938,75015585.000000,,
BATTERY,9,87.681209,75038729.008728,,
BATTERY,9,87.680310,75040489.008728,,
BATTERY,9,87.527308,75990151.915525,,
BATTERY,9,87.526409,75991911.915525,,
BATTERY,9,87.525192,75999467.830409,,
BATTERY,9,87.524280,76001420.830409,,
BATTERY,9,87.523535,76006048.000000,,
BATTERY,9,87.522079,76008896.000000,,
BATTERY,9,87.521955,76009664.000000,,
BATTERY,9,87.520536,76012705.000000,,
BATTERY,9,87.516355,76038656.235511,,
BATTERY,9,87.515456,76040416.235511,,
BATTERY,9,87.361175,76998021.657124,,
BATTERY,9,87.360263,76999974.657124,,
BATTERY,9,87.360105,77000959.142308,,
BATTERY,9,87.359205,77002719.142308,,
BATTERY,9,87.357844,77011168.000000,,
BATTERY,9,87.356388,77014016.000000,,
BATTERY,9,87.356058,77016064.000000,,
BATTERY,9,87.354639,77019105.000000,,
BATTERY,9,87.351604,77037943.462294,,
BATTERY,9,87.350705,77039703.462294,,
BATTERY,9,87.197947,77987856.049776,,
BATTERY,9,87.197047,77989616.049776,,
BATTERY,9,87.195823,77997215.483840,,
BATTERY,9,87.194911,77999168.483840,,
BATTERY,9,87.193545,78007648.000000,,
BATTERY,9,87.192090,78010496.000000,,
BATTERY,9,87.191760,78012544.000000,,
BATTERY,9,87.190340,78015585.000000,,
BATTERY,9,87.186647,78038510.689077,,
BATTERY,9,87.185747,78040270.689077,,
BATTERY,9,87.032849,78989293.595874,,
BATTERY,9,87.031950,78991053.595874,,
BATTERY,9,87.030932,78997369.310556,,
BATTERY,9,87.030021,78999322.310556,,
BATTERY,9,87.029143,79004768.000000,,
BATTERY,9,87.027688,79007616.000000,,
BATTERY,9,87.027512,79008704.000000,,
BATTERY,9,87.026093,79011745.000000,,
BATTERY,9,87.022154,79036197.915860,,
BATTERY,9,87.021254,79037957.915860,,
BATTERY,9,86.867995,79989220.822657,,
BATTERY,9,86.867095,79990980.822657,,
BATTERY,9,86.865423,80001363.137272,,
BATTERY,9,86.864511,80003316.137272,,
BATTERY,9,86.859225,80036125.142643,,
BATTERY,9,86.858326,80037885.142643,,
BATTERY,9,86.705325,80987548.049440,,
BATTERY,9,86.704425,80989308.049440,,
BATTERY,9,86.702613,81000556.963988,,
BATTERY,9,86.701701,81002509.963988,,
BATTERY,9,86.696297,81036052.369427,,
BATTERY,9,86.695398,81037812.369427,,
BATTERY,9,86.541881,81990675.276223,,
BATTERY,9,86.540981,81992435.276223,,
BATTERY,9,86.540164,81997510.790704,,
BATTERY,9,86.539252,81999463.790704,,
BATTERY,9,86.538449,82004448.000000,,
BATTERY,9,86.536994,82007296.000000,,
BATTERY,9,86.536973,82007424.000000,,
BATTERY,9,86.535554,82010465.000000,,
BATTERY,9,86.531237,82037259.596210,,
BATTERY,9,86.530337,82039019.596210,,
BATTERY,9,86.377542,82987402.503006,,
BATTERY,9,86.376643,82989162.503006,,
BATTERY,9,86.375531,82996064.617420,,
BATTERY,9,86.374619,82998017.617420,,
BATTERY,9,86.373532,83004768.000000,,
BATTERY,9,86.372076,83007616.000000,,
BATTERY,9,86.371849,83009024.000000,,
BATTERY,9,86.370430,83012065.000000,,
BATTERY,9,86.366538,83036226.822993,,
BATTERY,9,86.365638,83037986.822993,,
BATTERY,9,86.212894,83986049.729789,,
BATTERY,9,86.211995,83987809.729789,,
BATTERY,9,86.210589,83996538.444136,,
BATTERY,9,86.209677,83998491.444136,,
BATTERY,9,86.208305,84007008.000000,,
BATTERY,9,86.206849,84009856.000000,,
BATTERY,9,86.206726,84010624.000000,,
BATTERY,9,86.205307,84013665.000000,,
BATTERY,9,86.201941,84034554.049776,,
BATTERY,9,86.201042,84036314.049776,,
BATTERY,9,86.048040,84985976.956572,,
BATTERY,9,86.047141,84987736.956572,,
BATTERY,9,86.045853,84995732.270852,,
BATTERY,9,86.044941,84997685.270852,,
BATTERY,9,86.043336,85007648.000000,,
BATTERY,9,86.041881,85010496.000000,,
BATTERY,9,86.041705,85011584.000000,,
BATTERY,9,86.040286,85014625.000000,,
BATTERY,9,86.037139,85034161.276559,,
BATTERY,9,86.036239,85035921.276559,,
BATTERY,9,85.883238,85985584.183355,,
BATTERY,9,85.882338,85987344.183355,,
BATTERY,9,85.880859,85996526.097568,,
BATTERY,9,85.879948,85998479.097568,,
BATTERY,9,85.878728,86006048.000000,,
BATTERY,9,85.877272,86008896.000000,,
BATTERY,9,85.877149,86009664.000000,,
BATTERY,9,85.875730,86012705.000000,,
BATTERY,9,85.872181,86034728.503342,,
BATTERY,9,85.871282,86036488.503342,,
BATTERY,9,85.718590,86984231.410138,,
BATTERY,9,85.717690,86985991.410138,,
BATTERY,9,85.716226,86995079.924283,,
BATTERY,9,85.715315,86997032.924283,,
BATTERY,9,85.714068,87004768.000000,,
BATTERY,9,85.712613,87007616.000000,,
BATTERY,9,85.712231,87009984.000000,,
BATTERY,9,85.710812,87013025.000000,,
BATTERY,9,85.707379,87034335.730125,,
BATTERY,9,85.706479,87036095.730125,,
BATTERY,9,85.553633,87984798.636921,,
BATTERY,9,85.552733,87986558.636921,,
BATTERY,9,85.551387,87994913.750999,,
BATTERY,9,85.550476,87996866.750999,,
BATTERY,9,85.549306,88004128.000000,,
BATTERY,9,85.547850,88006976.000000,,
BATTERY,9,85.547572,88008704.000000,,
BATTERY,9,85.546153,88011745.000000,,
BATTERY,9,85.542525,88034262.956908,,
BATTERY,9,85.541625,88036022.956908,,
BATTERY,9,85.388830,88984405.863704,,
BATTERY,9,85.387930,88986165.863704,,
BATTERY,9,85.386548,88994747.577715,,
BATTERY,9,85.385636,88996700.577715,,
BATTERY,9,85.383873,89007648.000000,,
BATTERY,9,85.382417,89010496.000000,,
BATTERY,9,85.382087,89012544.000000,,
BATTERY,9,85.380668,89015585.000000,,
BATTERY,9,85.377877,89032910.183691,,
BATTERY,9,85.376977,89034670.183691,,
BATTERY,9,85.223924,89984653.090487,,
BATTERY,9,85.223025,89986413.090487,,
BATTERY,9,85.221812,89993941.404431,,
BATTERY,9,85.220901,89995894.404431,,
BATTERY,9,85.215000,90032517.410474,,
BATTERY,9,85.214101,90034277.410474,,
BATTERY,9,85.061151,90983620.317270,,
BATTERY,9,85.060251,90985380.317270,,
BATTERY,9,85.058538,90996015.231147,,
BATTERY,9,85.057627,90997968.231147,,
BATTERY,9,85.056273,91006368.000000,,
BATTERY,9,85.054818,91009216.000000,,
BATTERY,9,85.054591,91010624.000000,,
BATTERY,9,85.053172,91013665.000000,,
BATTERY,9,85.050249,91031804.637257,,
BATTERY,9,85.049350,91033564.637257,,
BATTERY,9,84.896297,91983547.544053,,
BATTERY,9,84.895397,91985307.544053,,
BATTERY,9,84.893957,91994249.057863,,
BATTERY,9,84.893045,91996202.057863,,
BATTERY,9,84.891459,92006048.000000,,
BATTERY,9,84.890003,92008896.000000,,
BATTERY,9,84.889828,92009984.000000,,
BATTERY,9,84.888409,92013025.000000,,
BATTERY,9,84.885447,92031411.864040,,
BATTERY,9,84.884547,92033171.864040,,
BATTERY,9,84.731752,92981554.770836,,
BATTERY,9,84.730852,92983314.770836,,
BATTERY,9,84.728293,92999202.884579,,
BATTERY,9,84.727381,93001155.884579,,
BATTERY,9,84.726335,93007648.000000,,
BATTERY,9,84.724880,93010496.000000,,
BATTERY,9,84.724601,93012224.000000,,
BATTERY,9,84.723182,93015265.000000,,
BATTERY,9,84.720696,93030699.090823,,
BATTERY,9,84.719796,93032459.090823,,
BATTERY,9,84.566640,93983081.997619,,
BATTERY,9,84.565741,93984841.997619,,
BATTERY,9,84.564021,93995516.711295,,
BATTERY,9,84.563109,93997469.711295,,
BATTERY,9,84.561315,94008608.000000,,
BATTERY,9,84.559859,94011456.000000,,
BATTERY,9,84.559323,94014784.000000,,
BATTERY,9,84.557904,94017825.000000,,
BATTERY,9,84.555532,94032546.317606,,
BATTERY,9,84.554633,94034306.317606,,
BATTERY,9,84.402147,94980769.224402,,
BATTERY,9,84.401247,94982529.224402,,
BATTERY,9,84.399233,94995030.538011,,
BATTERY,9,84.398322,94996983.538011,,
BATTERY,9,84.396758,95006688.000000,,
BATTERY,9,84.395303,95009536.000000,,
BATTERY,9,84.395076,95010944.000000,,
BATTERY,9,84.393657,95013985.000000,,
BATTERY,9,84.390987,95030553.544389,,
BATTERY,9,84.390088,95032313.544389,,
BATTERY,9,84.237138,95981656.451185,,
BATTERY,9,84.236238,95983416.451185,,
BATTERY,9,84.234652,95993264.364727,,
BATTERY,9,84.233740,95995217.364727,,
BATTERY,9,84.232253,96004448.000000,,
BATTERY,9,84.230798,96007296.000000,,
BATTERY,9,84.230416,96009664.000000,,
BATTERY,9,84.228997,96012705.000000,,
BATTERY,9,84.226288,96029520.771172,,
BATTERY,9,84.225388,96031280.771172,,
BATTERY,9,84.072542,96979983.677969,,
BATTERY,9,84.071642,96981743.677969,,
BATTERY,9,84.069864,96992778.191442,,
BATTERY,9,84.068953,96994731.191442,,
BATTERY,9,84.066923,97007328.000000,,
BATTERY,9,84.065468,97010176.000000,,
BATTERY,9,84.065086,97012544.000000,,
BATTERY,9,84.063667,97015585.000000,,
BATTERY,9,84.061227,97030727.997955,,
BATTERY,9,84.060328,97032487.997955,,
BATTERY,9,83.907739,97979590.904752,,
BATTERY,9,83.906840,97981350.904752,,
BATTERY,9,83.904767,97994212.018158,,
BATTERY,9,83.903856,97996165.018158,,
BATTERY,9,83.902367,98005408.000000,,
BATTERY,9,83.900911,98008256.000000,,
BATTERY,9,83.900684,98009664.000000,,
BATTERY,9,83.899265,98012705.000000,,
BATTERY,9,83.896580,98029375.224738,,
BATTERY,9,83.895680,98031135.224738,,
BATTERY,9,83.742627,98981118.131535,,
BATTERY,9,83.741728,98982878.131535,,
BATTERY,9,83.740083,98993085.844874,,
BATTERY,9,83.739172,98995038.844874,,
BATTERY,9,83.737450,99005728.000000,,
BATTERY,9,83.735994,99008576.000000,,
BATTERY,9,83.735612,99010944.000000,,
BATTERY,9,83.734193,99013985.000000,,
BATTERY,9,83.731674,99029622.451521,,
BATTERY,9,83.730774,99031382.451521,,
BATTERY,9,83.577876,99980405.358318,,
BATTERY,9,83.576977,99982165.358318,,
BATTERY,9,83.574522,99997399.671590,,
BATTERY,9,83.573611,99999352.671590,,
BATTERY,9,83.573611,99999352.671590,,
