BATTERY,4,99.997028,18449.000000,,
BATTERY,4,99.996063,20337.000000,,
BATTERY,4,99.995991,20785.000000,,
BATTERY,4,99.995079,22738.000000,,
BATTERY,4,99.994618,25603.000000,,
BATTERY,4,99.993646,27684.000000,,
BATTERY,4,99.993060,31321.000000,,
BATTERY,4,99.992095,33209.000000,,
BATTERY,4,99.989750,47767.000000,,
BATTERY,4,99.988779,49848.000000,,
BATTERY,4,99.987884,55404.000000,,
BATTERY,4,99.987884,55404.000000,,
BATTERY,4,99.987270,59214.000000,,
BATTERY,4,99.986305,61102.000000,,
BATTERY,4,99.984260,73795.000000,,
BATTERY,4,99.983295,75683.000000,,
BATTERY,4,99.983171,76452.000000,,
BATTERY,4,99.982200,78533.000000,,
BATTERY,4,99.977808,105794.000000,,
BATTERY,4,99.976843,107682.000000,,
BATTERY,4,99.973925,125792.000000,,
BATTERY,4,99.973925,125792.000000,,
BATTERY,4,99.973595,127841.000000,,
BATTERY,4,99.972624,129922.000000,,
BATTERY,4,99.968898,153049.000000,,
BATTERY,4,99.967933,154937.000000,,
BATTERY,4,99.959310,208457.000000,,
BATTERY,4,99.959310,208457.000000,,
BATTERY,4,99.957389,220380.000000,,
BATTERY,4,99.956418,222461.000000,,
BATTERY,4,99.953057,243322.000000,,
BATTERY,4,99.952092,245210.000000,,
BATTERY,4,99.919348,448452.000000,,
BATTERY,4,99.918377,450533.000000,,
BATTERY,4,99.916453,462474.000000,,
BATTERY,4,99.916453,462474.000000,,
BATTERY,4,99.911148,495402.000000,,
BATTERY,4,99.910183,497290.000000,,
BATTERY,4,99.856049,833294.000000,,
BATTERY,4,99.855078,835375.000000,,
BATTERY,4,99.852211,853167.000000,,
BATTERY,4,99.852211,853167.000000,,
BATTERY,4,99.845468,895018.000000,,
BATTERY,4,99.844503,896906.000000,,
BATTERY,4,99.824412,1021611.800134,,
BATTERY,4,99.823501,1023564.800134,,
BATTERY,4,99.711364,1719584.000000,,
BATTERY,4,99.711364,1719584.000000,,
BATTERY,4,99.676549,1935677.000000,,
BATTERY,4,99.675584,1937565.000000,,
BATTERY,4,99.663625,2011797.000000,,
BATTERY,4,99.662653,2013878.000000,,
BATTERY,4,99.661429,2021478.600269,,
BATTERY,4,99.660518,2023431.600269,,
BATTERY,4,99.499846,3020705.400403,,
BATTERY,4,99.498934,3022658.400403,,
BATTERY,4,99.433753,3427230.000000,,
BATTERY,4,99.433753,3427230.000000,,
BATTERY,4,99.430675,3446337.000000,,
BATTERY,4,99.429704,3448418.000000,,
BATTERY,4,99.337833,4018652.200537,,
BATTERY,4,99.336921,4020605.200537,,
BATTERY,4,99.331616,4053534.000000,,
BATTERY,4,99.330651,4055422.000000,,
BATTERY,4,99.175228,5020119.000671,,
BATTERY,4,99.174316,5022072.000671,,
BATTERY,4,99.013851,6018065.800806,,
BATTERY,4,99.012939,6020018.800806,,
BATTERY,4,98.924921,6566337.000000,,
BATTERY,4,98.923956,6568225.000000,,
BATTERY,4,98.878667,6849331.000000,,
BATTERY,4,98.878667,6849331.000000,,
BATTERY,4,98.851452,7018252.600940,,
BATTERY,4,98.850541,7020205.600940,,
BATTERY,4,98.697239,7971735.000000,,
BATTERY,4,98.696267,7973816.000000,,
BATTERY,4,98.688975,8019079.401074,,
BATTERY,4,98.688064,8021032.401074,,
BATTERY,4,98.527340,9018626.201209,,
BATTERY,4,98.526429,9020579.201209,,
BATTERY,4,98.365912,10016893.001343,,
BATTERY,4,98.365000,10018846.001343,,
BATTERY,4,98.204070,11017719.801477,,
BATTERY,4,98.203159,11019672.801477,,
BATTERY,4,98.042693,12015666.601611,,
BATTERY,4,98.041782,12017619.601611,,
BATTERY,4,97.881059,13015213.401746,,
BATTERY,4,97.880147,13017166.401746,,
BATTERY,4,97.817906,13403492.000000,,
BATTERY,4,97.816935,13405573.000000,,
BATTERY,4,97.797031,13529116.000000,,
BATTERY,4,97.796066,13531004.000000,,
BATTERY,4,97.718179,14014440.201880,,
BATTERY,4,97.717267,14016393.201880,,
BATTERY,4,97.556234,15015907.002014,,
BATTERY,4,97.555323,15017860.002014,,
BATTERY,4,97.394600,16015453.802148,,
BATTERY,4,97.393688,16017406.802148,,
BATTERY,4,97.372322,16150025.000000,,
BATTERY,4,97.372322,16150025.000000,,
BATTERY,4,97.233119,17014040.602283,,
BATTERY,4,97.232208,17015993.602283,,
BATTERY,4,97.071381,18014227.402417,,
BATTERY,4,97.070470,18016180.402417,,
BATTERY,4,96.909747,19013774.202551,,
BATTERY,4,96.908835,19015727.202551,,
BATTERY,4,96.748266,20012361.002686,,
BATTERY,4,96.747355,20014314.002686,,
BATTERY,4,96.586477,21012867.802820,,
BATTERY,4,96.585565,21014820.802820,,
BATTERY,4,96.424842,22012414.602954,,
BATTERY,4,96.423931,22014367.602954,,
BATTERY,4,96.263207,23011961.403088,,
BATTERY,4,96.262296,23013914.403088,,
BATTERY,4,96.101830,24009908.203223,,
BATTERY,4,96.100919,24011861.203223,,
BATTERY,4,95.940195,25009455.003357,,
BATTERY,4,95.939284,25011408.003357,,
BATTERY,4,95.778560,26009001.803491,,
BATTERY,4,95.777649,26010954.803491,,
BATTERY,4,95.701230,26485279.000000,,
BATTERY,4,95.701230,26485279.000000,,
BATTERY,4,95.616462,27011428.603626,,
BATTERY,4,95.615550,27013381.603626,,
BATTERY,4,95.455033,28009695.403760,,
BATTERY,4,95.454122,28011648.403760,,
BATTERY,4,95.377950,28484436.000000,,
BATTERY,4,95.376985,28486324.000000,,
BATTERY,4,95.351778,28642781.000000,,
BATTERY,4,95.350807,28644862.000000,,
BATTERY,4,95.292153,29008922.203894,,
BATTERY,4,95.291242,29010875.203894,,
BATTERY,4,95.130260,30010069.004028,,
BATTERY,4,95.129349,30012022.004028,,
BATTERY,4,94.968729,31008975.804163,,
BATTERY,4,94.967817,31010928.804163,,
BATTERY,4,94.807197,32007882.604297,,
BATTERY,4,94.806286,32009835.604297,,
BATTERY,4,94.645717,33006469.404431,,
BATTERY,4,94.644805,33008422.404431,,
BATTERY,4,94.483876,34007296.204566,,
BATTERY,4,94.482964,34009249.204566,,
BATTERY,4,94.322447,35005563.004700,,
BATTERY,4,94.321536,35007516.004700,,
BATTERY,4,94.160864,36004789.804834,,
BATTERY,4,94.159952,36006742.804834,,
BATTERY,4,93.997270,37016496.604968,,
BATTERY,4,93.996358,37018449.604968,,
BATTERY,4,93.837182,38006443.405103,,
BATTERY,4,93.836270,38008396.405103,,
BATTERY,4,93.675908,39003750.205237,,
BATTERY,4,93.674996,39005703.205237,,
BATTERY,4,93.514118,40004257.005371,,
BATTERY,4,93.513207,40006210.005371,,
BATTERY,4,93.352535,41003483.805506,,
BATTERY,4,93.351623,41005436.805506,,
BATTERY,4,93.189456,42011990.605640,,
BATTERY,4,93.188545,42013943.605640,,
BATTERY,4,93.029265,43002577.405774,,
BATTERY,4,93.028354,43004530.405774,,
BATTERY,4,92.867579,44002444.205908,,
BATTERY,4,92.866667,44004397.205908,,
BATTERY,4,92.706099,45001031.006043,,
BATTERY,4,92.705187,45002984.006043,,
BATTERY,4,92.544464,46000577.806177,,
BATTERY,4,92.543552,46002530.806177,,
BATTERY,4,92.382932,46999484.606311,,
BATTERY,4,92.382021,47001437.606311,,
BATTERY,4,92.221297,47999031.406445,,
BATTERY,4,92.220386,48000984.406445,,
BATTERY,4,92.059147,49001778.206580,,
BATTERY,4,92.058235,49003731.206580,,
BATTERY,4,91.898027,49998125.006714,,
BATTERY,4,91.897116,50000078.006714,,
BATTERY,4,91.750360,50910975.000000,,
BATTERY,4,91.749389,50913056.000000,,
BATTERY,4,91.735551,50998951.806848,,
BATTERY,4,91.734639,51000904.806848,,
BATTERY,4,91.574122,51997218.606983,,
BATTERY,4,91.573211,51999171.606983,,
BATTERY,4,91.412487,52996765.407117,,
BATTERY,4,91.411576,52998718.407117,,
BATTERY,4,91.250594,53997912.207251,,
BATTERY,4,91.249683,53999865.207251,,
BATTERY,4,91.088960,54997459.007385,,
BATTERY,4,91.088048,54999412.007385,,
BATTERY,4,90.947989,55868746.000000,,
BATTERY,4,90.947989,55868746.000000,,
BATTERY,4,90.927067,55998605.807520,,
BATTERY,4,90.926156,56000558.807520,,
BATTERY,4,90.780725,56903231.000000,,
BATTERY,4,90.779760,56905119.000000,,
BATTERY,4,90.765235,56995272.607654,,
BATTERY,4,90.764324,56997225.607654,,
BATTERY,4,90.603549,57995139.407788,,
BATTERY,4,90.602638,57997092.407788,,
BATTERY,4,90.441966,58994366.207923,,
BATTERY,4,90.441054,58996319.207923,,
BATTERY,4,90.280228,59994553.008057,,
BATTERY,4,90.279316,59996506.008057,,
BATTERY,4,90.118748,60993139.808191,,
BATTERY,4,90.117836,60995092.808191,,
BATTERY,4,89.956906,61993966.608325,,
BATTERY,4,89.955995,61995919.608325,,
BATTERY,4,89.795169,62994153.408460,,
BATTERY,4,89.794257,62996106.408460,,
BATTERY,4,89.633740,63992420.208594,,
BATTERY,4,89.632828,63994373.208594,,
BATTERY,4,89.472002,64992607.008728,,
BATTERY,4,89.471091,64994560.008728,,
BATTERY,4,89.310522,65991193.808863,,
BATTERY,4,89.309610,65993146.808863,,
BATTERY,4,89.148887,66990740.608997,,
BATTERY,4,89.147976,66992693.608997,,
BATTERY,4,88.987046,67991567.409131,,
BATTERY,4,88.986134,67993520.409131,,
BATTERY,4,88.825463,68990794.209265,,
BATTERY,4,88.824551,68992747.209265,,
BATTERY,4,88.664085,69988741.009400,,
BATTERY,4,88.663174,69990694.009400,,
BATTERY,4,88.502193,70989887.809534,,
BATTERY,4,88.501281,70991840.809534,,
BATTERY,4,88.340610,71989114.609668,,
BATTERY,4,88.339698,71991067.609668,,
BATTERY,4,88.178872,72989301.409802,,
BATTERY,4,88.177960,72991254.409802,,
BATTERY,4,88.017185,73989168.209937,,
BATTERY,4,88.016274,73991121.209937,,
BATTERY,4,87.855757,74987435.010071,,
BATTERY,4,87.854845,74989388.010071,,
BATTERY,4,87.693916,75988261.810205,,
BATTERY,4,87.693004,75990214.810205,,
BATTERY,4,87.532332,76987488.610340,,
BATTERY,4,87.531421,76989441.610340,,
BATTERY,4,87.370800,77986395.410474,,
BATTERY,4,87.369889,77988348.410474,,
BATTERY,4,87.209166,78985942.210608,,
BATTERY,4,87.208254,78987895.210608,,
BATTERY,4,87.047428,79986129.010743,,
BATTERY,4,87.046516,79988082.010743,,
BATTERY,4,86.886051,80984075.810877,,
BATTERY,4,86.885139,80986028.810877,,
BATTERY,4,86.724158,81985222.611011,,
BATTERY,4,86.723247,81987175.611011,,
BATTERY,4,86.562678,82983809.411145,,
BATTERY,4,86.561766,82985762.411145,,
BATTERY,4,86.401095,83983036.211280,,
BATTERY,4,86.400183,83984989.211280,,
BATTERY,4,86.239202,84984183.011414,,
BATTERY,4,86.238291,84986136.011414,,
BATTERY,4,86.077876,85981809.811548,,
BATTERY,4,86.076965,85983762.811548,,
BATTERY,4,85.915932,86983276.611683,,
BATTERY,4,85.915021,86985229.611683,,
BATTERY,4,85.754607,87980903.411817,,
BATTERY,4,85.753695,87982856.411817,,
BATTERY,4,85.593023,88980130.211951,,
BATTERY,4,85.592112,88982083.211951,,
BATTERY,4,85.431234,89980637.012085,,
BATTERY,4,85.430322,89982590.012085,,
BATTERY,4,85.269754,90979223.812220,,
BATTERY,4,85.268842,90981176.812220,,
BATTERY,4,85.107810,91980690.612354,,
BATTERY,4,85.106898,91982643.612354,,
BATTERY,4,84.946123,92980557.412488,,
BATTERY,4,84.945212,92982510.412488,,
BATTERY,4,84.784540,93979784.212623,,
BATTERY,4,84.783628,93981737.212623,,
BATTERY,4,84.623008,94978691.012757,,
BATTERY,4,84.622097,94980644.012757,,
BATTERY,4,84.461425,95977917.812891,,
BATTERY,4,84.460513,95979870.812891,,
BATTERY,4,84.299790,96977464.613025,,
BATTERY,4,84.298879,96979417.613025,,
BATTERY,4,84.138000,97977971.413160,,
BATTERY,4,84.137089,97979924.413160,,
BATTERY,4,83.976366,98977518.213294,,
BATTERY,4,83.975454,98979471.213294,,
BATTERY,4,83.814782,99976745.013428,,
BATTERY,4,83.813871,99978698.013428,,
BATTERY,4,83.810543,99999352.671590,,
