BATTERY,3,99.997843,13391.000000,,
BATTERY,3,99.996878,15279.000000,,
BATTERY,3,99.996470,17808.000000,,
BATTERY,3,99.996470,17808.000000,,
BATTERY,3,99.995882,21456.000000,,
BATTERY,3,99.994971,23409.000000,,
BATTERY,3,99.993971,29617.000000,,
BATTERY,3,99.993000,31698.000000,,
BATTERY,3,99.992489,34866.000000,,
BATTERY,3,99.992489,34866.000000,,
BATTERY,3,99.992133,37075.000000,,
BATTERY,3,99.992133,37075.000000,,
BATTERY,3,99.991204,42841.000000,,
BATTERY,3,99.990233,44922.000000,,
BATTERY,3,99.989043,52313.000000,,
BATTERY,3,99.988078,54201.000000,,
BATTERY,3,99.986914,61422.000000,,
BATTERY,3,99.986914,61422.000000,,
BATTERY,3,99.986030,66907.000000,,
BATTERY,3,99.986030,66907.000000,,
BATTERY,3,99.984643,75518.000000,,
BATTERY,3,99.984643,75518.000000,,
BATTERY,3,99.984571,75967.000000,,
BATTERY,3,99.983600,78048.000000,,
BATTERY,3,99.983398,79301.000000,,
BATTERY,3,99.982486,81254.000000,,
BATTERY,3,99.982002,84262.000000,,
BATTERY,3,99.981031,86343.000000,,
BATTERY,3,99.980928,86983.000000,,
BATTERY,3,99.979963,88871.000000,,
BATTERY,3,99.979684,90600.000000,,
BATTERY,3,99.978713,92681.000000,,
BATTERY,3,99.978202,95849.000000,,
BATTERY,3,99.978202,95849.000000,,
BATTERY,3,99.976039,109277.000000,,
BATTERY,3,99.975068,111358.000000,,
BATTERY,3,99.974496,114909.000000,,
BATTERY,3,99.974496,114909.000000,,
BATTERY,3,99.968745,150606.000000,,
BATTERY,3,99.967780,152494.000000,,
BATTERY,3,99.964905,170334.000000,,
BATTERY,3,99.964905,170334.000000,,
BATTERY,3,99.963032,181964.000000,,
BATTERY,3,99.962061,184045.000000,,
BATTERY,3,99.958683,205010.000000,,
BATTERY,3,99.958683,205010.000000,,
BATTERY,3,99.952620,242639.000000,,
BATTERY,3,99.951655,244527.000000,,
BATTERY,3,99.944945,286178.000000,,
BATTERY,3,99.943974,288259.000000,,
BATTERY,3,99.939193,317931.000000,,
BATTERY,3,99.939193,317931.000000,,
BATTERY,3,99.922821,419550.000000,,
BATTERY,3,99.922821,419550.000000,,
BATTERY,3,99.914855,468996.000000,,
BATTERY,3,99.913884,471077.000000,,
BATTERY,3,99.913425,473925.000000,,
BATTERY,3,99.913425,473925.000000,,
BATTERY,3,99.903614,534821.000000,,
BATTERY,3,99.902649,536709.000000,,
BATTERY,3,99.847374,879798.000000,,
BATTERY,3,99.846409,881686.000000,,
BATTERY,3,99.829275,988033.000000,,
BATTERY,3,99.829275,988033.000000,,
BATTERY,3,99.827351,999974.000000,,
BATTERY,3,99.827351,999974.000000,,
BATTERY,3,99.827141,1001280.000000,,
BATTERY,3,99.825685,1004128.000000,,
BATTERY,3,99.825407,1005856.000000,,
BATTERY,3,99.823988,1008897.000000,,
BATTERY,3,99.822447,1018457.906796,,
BATTERY,3,99.821536,1020410.906796,,
BATTERY,3,99.819618,1032312.306864,,
BATTERY,3,99.818719,1034072.306864,,
BATTERY,3,99.815165,1056133.000000,,
BATTERY,3,99.814194,1058214.000000,,
BATTERY,3,99.812681,1067602.226783,,
BATTERY,3,99.811770,1069555.226783,,
BATTERY,3,99.709555,1703991.000000,,
BATTERY,3,99.708590,1705879.000000,,
BATTERY,3,99.708232,1708101.000000,,
BATTERY,3,99.708232,1708101.000000,,
BATTERY,3,99.694843,1791202.000000,,
BATTERY,3,99.694843,1791202.000000,,
BATTERY,3,99.660791,2002560.000000,,
BATTERY,3,99.659336,2005408.000000,,
BATTERY,3,99.659212,2006176.000000,,
BATTERY,3,99.657793,2009217.000000,,
BATTERY,3,99.655697,2022225.133580,,
BATTERY,3,99.654786,2024178.133580,,
BATTERY,3,99.653523,2032012.933714,,
BATTERY,3,99.652624,2033772.933714,,
BATTERY,3,99.650870,2044657.000000,,
BATTERY,3,99.649899,2046738.000000,,
BATTERY,3,99.646756,2066249.453566,,
BATTERY,3,99.645844,2068202.453566,,
BATTERY,3,99.495464,3001600.000000,,
BATTERY,3,99.494008,3004448.000000,,
BATTERY,3,99.493884,3005216.000000,,
BATTERY,3,99.492465,3008257.000000,,
BATTERY,3,99.490845,3018312.360363,,
BATTERY,3,99.489934,3020265.360363,,
BATTERY,3,99.488244,3030753.560564,,
BATTERY,3,99.487344,3032513.560564,,
BATTERY,3,99.481921,3066176.680349,,
BATTERY,3,99.481009,3068129.680349,,
BATTERY,3,99.464924,3167968.000000,,
BATTERY,3,99.464924,3167968.000000,,
BATTERY,3,99.429271,3389267.000000,,
BATTERY,3,99.429271,3389267.000000,,
BATTERY,3,99.393404,3611886.000000,,
BATTERY,3,99.392433,3613967.000000,,
BATTERY,3,99.355295,3844482.000000,,
BATTERY,3,99.354330,3846370.000000,,
BATTERY,3,99.329269,4001920.000000,,
BATTERY,3,99.327813,4004768.000000,,
BATTERY,3,99.327638,4005856.000000,,
BATTERY,3,99.326219,4008897.000000,,
BATTERY,3,99.324301,4020799.587146,,
BATTERY,3,99.323390,4022752.587146,,
BATTERY,3,99.321994,4031414.187414,,
BATTERY,3,99.321095,4033174.187414,,
BATTERY,3,99.315841,4065783.907132,,
BATTERY,3,99.314929,4067736.907132,,
BATTERY,3,99.164680,5000320.000000,,
BATTERY,3,99.163224,5003168.000000,,
BATTERY,3,99.163100,5003936.000000,,
BATTERY,3,99.161681,5006977.000000,,
BATTERY,3,99.160136,5016566.813929,,
BATTERY,3,99.159225,5018519.813929,,
BATTERY,3,99.157350,5030154.814264,,
BATTERY,3,99.156451,5031914.814264,,
BATTERY,3,99.150748,5067311.133915,,
BATTERY,3,99.149837,5069264.133915,,
BATTERY,3,98.999575,6001920.000000,,
BATTERY,3,98.998120,6004768.000000,,
BATTERY,3,98.997841,6006496.000000,,
BATTERY,3,98.996422,6009537.000000,,
BATTERY,3,98.995405,6015854.040712,,
BATTERY,3,98.994493,6017807.040712,,
BATTERY,3,98.992707,6028895.441115,,
BATTERY,3,98.991807,6030655.441115,,
BATTERY,3,98.986274,6064998.360698,,
BATTERY,3,98.985363,6066951.360698,,
BATTERY,3,98.905705,6561377.000000,,
BATTERY,3,98.905705,6561377.000000,,
BATTERY,3,98.882809,6703492.000000,,
BATTERY,3,98.881844,6705380.000000,,
BATTERY,3,98.834171,7001280.000000,,
BATTERY,3,98.832716,7004128.000000,,
BATTERY,3,98.832282,7006816.000000,,
BATTERY,3,98.830863,7009857.000000,,
BATTERY,3,98.828878,7022181.267495,,
BATTERY,3,98.827966,7024134.267495,,
BATTERY,3,98.827248,7028596.067965,,
BATTERY,3,98.826348,7030356.067965,,
BATTERY,3,98.820572,7066205.587481,,
BATTERY,3,98.819661,7068158.587481,,
BATTERY,3,98.809965,7128342.000000,,
BATTERY,3,98.809965,7128342.000000,,
BATTERY,3,98.669118,8002560.000000,,
BATTERY,3,98.667663,8005408.000000,,
BATTERY,3,98.667384,8007136.000000,,
BATTERY,3,98.665965,8010177.000000,,
BATTERY,3,98.663868,8023196.494278,,
BATTERY,3,98.662956,8025149.494278,,
BATTERY,3,98.662501,8027976.694815,,
BATTERY,3,98.661601,8029736.694815,,
BATTERY,3,98.655944,8064852.814264,,
BATTERY,3,98.655032,8066805.814264,,
BATTERY,3,98.627385,8238406.000000,,
BATTERY,3,98.626414,8240487.000000,,
BATTERY,3,98.503945,9000640.000000,,
BATTERY,3,98.502490,9003488.000000,,
BATTERY,3,98.502417,9003936.000000,,
BATTERY,3,98.500998,9006977.000000,,
BATTERY,3,98.499706,9014995.721061,,
BATTERY,3,98.498795,9016948.721061,,
BATTERY,3,98.497118,9027357.321665,,
BATTERY,3,98.496218,9029117.321665,,
BATTERY,3,98.490473,9064780.041047,,
BATTERY,3,98.489561,9066733.041047,,
BATTERY,3,98.338944,10001600.000000,,
BATTERY,3,98.337488,10004448.000000,,
BATTERY,3,98.337365,10005216.000000,,
BATTERY,3,98.335945,10008257.000000,,
BATTERY,3,98.334871,10014922.947844,,
BATTERY,3,98.333960,10016875.947844,,
BATTERY,3,98.332320,10027057.948515,,
BATTERY,3,98.331420,10028817.948515,,
BATTERY,3,98.325689,10064387.267830,,
BATTERY,3,98.324778,10066340.267830,,
BATTERY,3,98.174200,11000960.000000,,
BATTERY,3,98.172745,11003808.000000,,
BATTERY,3,98.172621,11004576.000000,,
BATTERY,3,98.171202,11007617.000000,,
BATTERY,3,98.169882,11015810.174627,,
BATTERY,3,98.168971,11017763.174627,,
BATTERY,3,98.167624,11026118.575365,,
BATTERY,3,98.166725,11027878.575365,,
BATTERY,3,98.161061,11063034.494613,,
BATTERY,3,98.160149,11064987.494613,,
BATTERY,3,98.009096,12002560.000000,,
BATTERY,3,98.007640,12005408.000000,,
BATTERY,3,98.007568,12005856.000000,,
BATTERY,3,98.006149,12008897.000000,,
BATTERY,3,98.005356,12013817.401410,,
BATTERY,3,98.004445,12015770.401410,,
BATTERY,3,98.002671,12026779.202216,,
BATTERY,3,98.001772,12028539.202216,,
BATTERY,3,97.996071,12063921.721397,,
BATTERY,3,97.995160,12065874.721397,,
BATTERY,3,97.920316,12530421.000000,,
BATTERY,3,97.920316,12530421.000000,,
BATTERY,3,97.844404,13001600.000000,,
BATTERY,3,97.842949,13004448.000000,,
BATTERY,3,97.842567,13006816.000000,,
BATTERY,3,97.841148,13009857.000000,,
BATTERY,3,97.840676,13012784.628193,,
BATTERY,3,97.839765,13014737.628193,,
BATTERY,3,97.838234,13024239.829066,,
BATTERY,3,97.837334,13025999.829066,,
BATTERY,3,97.831391,13062888.948180,,
BATTERY,3,97.830480,13064841.948180,,
BATTERY,3,97.679609,14001280.000000,,
BATTERY,3,97.678153,14004128.000000,,
BATTERY,3,97.678030,14004896.000000,,
BATTERY,3,97.676611,14007937.000000,,
BATTERY,3,97.675532,14014631.854976,,
BATTERY,3,97.674621,14016584.854976,,
BATTERY,3,97.673229,14025220.455916,,
BATTERY,3,97.672330,14026980.455916,,
BATTERY,3,97.666402,14063776.174963,,
BATTERY,3,97.665490,14065729.174963,,
BATTERY,3,97.630927,14280260.000000,,
BATTERY,3,97.630927,14280260.000000,,
BATTERY,3,97.576682,14616952.000000,,
BATTERY,3,97.575717,14618840.000000,,
BATTERY,3,97.514153,15000960.000000,,
BATTERY,3,97.512698,15003808.000000,,
BATTERY,3,97.512316,15006176.000000,,
BATTERY,3,97.510897,15009217.000000,,
BATTERY,3,97.510088,15014239.081759,,
BATTERY,3,97.509176,15016192.081759,,
BATTERY,3,97.508131,15022681.082766,,
BATTERY,3,97.507231,15024441.082766,,
BATTERY,3,97.501318,15061143.401746,,
BATTERY,3,97.500407,15063096.401746,,
BATTERY,3,97.349100,16002240.000000,,
BATTERY,3,97.347645,16005088.000000,,
BATTERY,3,97.347573,16005536.000000,,
BATTERY,3,97.346153,16008577.000000,,
BATTERY,3,97.343826,16023021.709616,,
BATTERY,3,97.342927,16024781.709616,,
BATTERY,3,97.342906,16024910.709616,,
BATTERY,3,97.341995,16026863.709616,,
BATTERY,3,97.336432,16061390.628529,,
BATTERY,3,97.335520,16063343.628529,,
BATTERY,3,97.329867,16098436.000000,,
BATTERY,3,97.328896,16100517.000000,,
BATTERY,3,97.183721,17001600.000000,,
BATTERY,3,97.182265,17004448.000000,,
BATTERY,3,97.182039,17005856.000000,,
BATTERY,3,97.180619,17008897.000000,,
BATTERY,3,97.179009,17018893.535325,,
BATTERY,3,97.178097,17020846.535325,,
BATTERY,3,97.177641,17023682.336467,,
BATTERY,3,97.176741,17025442.336467,,
BATTERY,3,97.170858,17061957.855312,,
BATTERY,3,97.169947,17063910.855312,,
BATTERY,3,97.018771,18002240.000000,,
BATTERY,3,97.017316,18005088.000000,,
BATTERY,3,97.016192,18012064.000000,,
BATTERY,3,97.014773,18015105.000000,,
BATTERY,3,97.013618,18022273.000000,,
BATTERY,3,97.012706,18024226.000000,,
BATTERY,3,97.011791,18029910.963317,,
BATTERY,3,97.010891,18031670.963317,,
BATTERY,3,97.006126,18061245.082095,,
BATTERY,3,97.005215,18063198.082095,,
BATTERY,3,96.854131,19000960.000000,,
BATTERY,3,96.852675,19003808.000000,,
BATTERY,3,96.852552,19004576.000000,,
BATTERY,3,96.851132,19007617.000000,,
BATTERY,3,96.849030,19020667.988891,,
BATTERY,3,96.848118,19022620.988891,,
BATTERY,3,96.842114,19059892.308878,,
BATTERY,3,96.841202,19061845.308878,,
BATTERY,3,96.689900,20000960.000000,,
BATTERY,3,96.688445,20003808.000000,,
BATTERY,3,96.687548,20009376.000000,,
BATTERY,3,96.686129,20012417.000000,,
BATTERY,3,96.685077,20018945.000000,,
BATTERY,3,96.684165,20020898.000000,,
BATTERY,3,96.684068,20021504.217017,,
BATTERY,3,96.683168,20023264.217017,,
BATTERY,3,96.677072,20061099.535661,,
BATTERY,3,96.676161,20063052.535661,,
BATTERY,3,96.524951,21001600.000000,,
BATTERY,3,96.523495,21004448.000000,,
BATTERY,3,96.522959,21007776.000000,,
BATTERY,3,96.521540,21010817.000000,,
BATTERY,3,96.521055,21013825.000000,,
BATTERY,3,96.520144,21015778.000000,,
BATTERY,3,96.519372,21020564.843867,,
BATTERY,3,96.518473,21022324.843867,,
BATTERY,3,96.512547,21059106.762444,,
BATTERY,3,96.511636,21061059.762444,,
BATTERY,3,96.360052,22001920.000000,,
BATTERY,3,96.358597,22004768.000000,,
BATTERY,3,96.358525,22005216.000000,,
BATTERY,3,96.357106,22008257.000000,,
BATTERY,3,96.355429,22018665.470717,,
BATTERY,3,96.354529,22020425.470717,,
BATTERY,3,96.354147,22022794.470717,,
BATTERY,3,96.353236,22024747.470717,,
BATTERY,3,96.347764,22058713.989227,,
BATTERY,3,96.346852,22060666.989227,,
BATTERY,3,96.195412,23000640.000000,,
BATTERY,3,96.193956,23003488.000000,,
BATTERY,3,96.193781,23004576.000000,,
BATTERY,3,96.192362,23007617.000000,,
BATTERY,3,96.191904,23010456.896023,,
BATTERY,3,96.190993,23012409.896023,,
BATTERY,3,96.189982,23018686.097568,,
BATTERY,3,96.189082,23020446.097568,,
BATTERY,3,96.182722,23059921.216010,,
BATTERY,3,96.181811,23061874.216010,,
BATTERY,3,96.030462,24001280.000000,,
BATTERY,3,96.029007,24004128.000000,,
BATTERY,3,96.028935,24004576.000000,,
BATTERY,3,96.027515,24007617.000000,,
BATTERY,3,96.027018,24010704.122806,,
BATTERY,3,96.026107,24012657.122806,,
BATTERY,3,96.025287,24017746.724418,,
BATTERY,3,96.024387,24019506.724418,,
BATTERY,3,96.017939,24059528.442793,,
BATTERY,3,96.017028,24061481.442793,,
BATTERY,3,95.865770,25000320.000000,,
BATTERY,3,95.864315,25003168.000000,,
BATTERY,3,95.863933,25005536.000000,,
BATTERY,3,95.862514,25008577.000000,,
BATTERY,3,95.862287,25009985.000000,,
BATTERY,3,95.861376,25011938.000000,,
BATTERY,3,95.860540,25017127.351268,,
BATTERY,3,95.859640,25018887.351268,,
BATTERY,3,95.853104,25059455.669576,,
BATTERY,3,95.852193,25061408.669576,,
BATTERY,3,95.700872,26000640.000000,,
BATTERY,3,95.699417,26003488.000000,,
BATTERY,3,95.699190,26004896.000000,,
BATTERY,3,95.697771,26007937.000000,,
BATTERY,3,95.696441,26016187.978118,,
BATTERY,3,95.695542,26017947.978118,,
BATTERY,3,95.695315,26019356.978118,,
BATTERY,3,95.694403,26021309.978118,,
BATTERY,3,95.688579,26057462.896359,,
BATTERY,3,95.687667,26059415.896359,,
BATTERY,3,95.535819,27001920.000000,,
BATTERY,3,95.534364,27004768.000000,,
BATTERY,3,95.534034,27006816.000000,,
BATTERY,3,95.532615,27009857.000000,,
BATTERY,3,95.531924,27014145.000000,,
BATTERY,3,95.531012,27016098.000000,,
BATTERY,3,95.530892,27016848.604968,,
BATTERY,3,95.529992,27018608.604968,,
BATTERY,3,95.523589,27058350.123142,,
BATTERY,3,95.522678,27060303.123142,,
BATTERY,3,95.486387,27285558.000000,,
BATTERY,3,95.486387,27285558.000000,,
BATTERY,3,95.371024,28001600.000000,,
BATTERY,3,95.369569,28004448.000000,,
BATTERY,3,95.368866,28008813.029939,,
BATTERY,3,95.367954,28010766.029939,,
BATTERY,3,95.366971,28016869.231819,,
BATTERY,3,95.366071,28018629.231819,,
BATTERY,3,95.359787,28057637.349925,,
BATTERY,3,95.358875,28059590.349925,,
BATTERY,3,95.266704,28631687.000000,,
BATTERY,3,95.266704,28631687.000000,,
BATTERY,3,95.206952,29002560.000000,,
BATTERY,3,95.205497,29005408.000000,,
BATTERY,3,95.205011,29008420.256722,,
BATTERY,3,95.204100,29010373.256722,,
BATTERY,3,95.203411,29014649.858669,,
BATTERY,3,95.202511,29016409.858669,,
BATTERY,3,95.195829,29057884.576708,,
BATTERY,3,95.194918,29059837.576708,,
BATTERY,3,95.043344,30000640.000000,,
BATTERY,3,95.041889,30003488.000000,,
BATTERY,3,95.041765,30004256.000000,,
BATTERY,3,95.040346,30007297.000000,,
BATTERY,3,95.040170,30008385.000000,,
BATTERY,3,95.039259,30010338.000000,,
BATTERY,3,95.038406,30015630.485519,,
BATTERY,3,95.037507,30017390.485519,,
BATTERY,3,95.031304,30055891.803491,,
BATTERY,3,95.030392,30057844.803491,,
BATTERY,3,95.012548,30168602.000000,,
BATTERY,3,95.011577,30170683.000000,,
BATTERY,3,94.877707,31001600.000000,,
BATTERY,3,94.876251,31004448.000000,,
BATTERY,3,94.875561,31008736.000000,,
BATTERY,3,94.874141,31011777.000000,,
BATTERY,3,94.873827,31013731.112369,,
BATTERY,3,94.872927,31015491.112369,,
BATTERY,3,94.872530,31017953.000000,,
BATTERY,3,94.871619,31019906.000000,,
BATTERY,3,94.865885,31055499.030274,,
BATTERY,3,94.864973,31057452.030274,,
BATTERY,3,94.816067,31361008.000000,,
BATTERY,3,94.815102,31362896.000000,,
BATTERY,3,94.712045,32002560.000000,,
BATTERY,3,94.710589,32005408.000000,,
BATTERY,3,94.709400,32012791.739219,,
BATTERY,3,94.708500,32014551.739219,,
BATTERY,3,94.708479,32014680.739219,,
BATTERY,3,94.707568,32016633.739219,,
BATTERY,3,94.701112,32056706.257057,,
BATTERY,3,94.700201,32058659.257057,,
BATTERY,3,94.548231,33001920.000000,,
BATTERY,3,94.546775,33004768.000000,,
BATTERY,3,94.546548,33006176.000000,,
BATTERY,3,94.545129,33009217.000000,,
BATTERY,3,94.544593,33012545.000000,,
BATTERY,3,94.543682,33014498.000000,,
BATTERY,3,94.543180,33017612.366070,,
BATTERY,3,94.542280,33019372.366070,,
BATTERY,3,94.536586,33054713.483840,,
BATTERY,3,94.535675,33056666.483840,,
BATTERY,3,94.383436,34001600.000000,,
BATTERY,3,94.381980,34004448.000000,,
BATTERY,3,94.381598,34006817.000000,,
BATTERY,3,94.380687,34008770.000000,,
BATTERY,3,94.380342,34010912.992920,,
BATTERY,3,94.379442,34012672.992920,,
BATTERY,3,94.379370,34013121.992920,,
BATTERY,3,94.377951,34016162.992920,,
BATTERY,3,94.371803,34054320.710624,,
BATTERY,3,94.370892,34056273.710624,,
BATTERY,3,94.218486,35002240.000000,,
BATTERY,3,94.217030,35005088.000000,,
BATTERY,3,94.216761,35006761.935057,,
BATTERY,3,94.215849,35008714.935057,,
BATTERY,3,94.215337,35011893.619770,,
BATTERY,3,94.214438,35013653.619770,,
BATTERY,3,94.207897,35054247.937407,,
BATTERY,3,94.206986,35056200.937407,,
BATTERY,3,94.054672,36001600.000000,,
BATTERY,3,94.053216,36004448.000000,,
BATTERY,3,94.052473,36009057.000000,,
BATTERY,3,94.051562,36011010.000000,,
BATTERY,3,94.051416,36011914.246620,,
BATTERY,3,94.050517,36013674.246620,,
BATTERY,3,94.050100,36016260.402417,,
BATTERY,3,94.048681,36019301.402417,,
BATTERY,3,94.043114,36053855.164190,,
BATTERY,3,94.042203,36055808.164190,,
BATTERY,3,93.889877,37001280.000000,,
BATTERY,3,93.888421,37004128.000000,,
BATTERY,3,93.887575,37009377.000000,,
BATTERY,3,93.886664,37011330.000000,,
BATTERY,3,93.886515,37012254.873470,,
BATTERY,3,93.885615,37014014.873470,,
BATTERY,3,93.885337,37015743.873470,,
BATTERY,3,93.883918,37018784.873470,,
BATTERY,3,93.878331,37053462.390973,,
BATTERY,3,93.877419,37055415.390973,,
BATTERY,3,93.724927,38001920.000000,,
BATTERY,3,93.723471,38004768.000000,,
BATTERY,3,93.723230,38006263.415204,,
BATTERY,3,93.722319,38008216.415204,,
BATTERY,3,93.722232,38008755.500320,,
BATTERY,3,93.721333,38010515.500320,,
BATTERY,3,93.714373,38053709.617756,,
BATTERY,3,93.713462,38055662.617756,,
BATTERY,3,93.561216,39000640.000000,,
BATTERY,3,93.559760,39003488.000000,,
BATTERY,3,93.559616,39004380.602618,,
BATTERY,3,93.558705,39006333.602618,,
BATTERY,3,93.558157,39009736.127171,,
BATTERY,3,93.557257,39011496.127171,,
BATTERY,3,93.550519,39053316.844539,,
BATTERY,3,93.549608,39055269.844539,,
BATTERY,3,93.397350,40000320.000000,,
BATTERY,3,93.395894,40003168.000000,,
BATTERY,3,93.395873,40003297.000000,,
BATTERY,3,93.394962,40005250.000000,,
BATTERY,3,93.394545,40007836.754021,,
BATTERY,3,93.393646,40009596.754021,,
BATTERY,3,93.393367,40011325.754021,,
BATTERY,3,93.391948,40014366.754021,,
BATTERY,3,93.385684,40053244.071322,,
BATTERY,3,93.384773,40055197.071322,,
BATTERY,3,93.232400,41000960.000000,,
BATTERY,3,93.230945,41003808.000000,,
BATTERY,3,93.230241,41008177.380871,,
BATTERY,3,93.229341,41009937.380871,,
BATTERY,3,93.229217,41010706.380871,,
BATTERY,3,93.228306,41012659.380871,,
BATTERY,3,93.221779,41053171.298105,,
BATTERY,3,93.220867,41055124.298105,,
BATTERY,3,93.068328,42001920.000000,,
BATTERY,3,93.066872,42004768.000000,,
BATTERY,3,93.066529,42006900.802820,,
BATTERY,3,93.065617,42008853.802820,,
BATTERY,3,93.058747,42051498.524888,,
BATTERY,3,93.057835,42053451.524888,,
BATTERY,3,92.905175,43001001.431684,,
BATTERY,3,92.904263,43002954.431684,,
BATTERY,3,92.903605,43007040.000000,,
BATTERY,3,92.902149,43009888.000000,,
BATTERY,3,92.901943,43011169.000000,,
BATTERY,3,92.901043,43012929.000000,,
BATTERY,3,92.894687,43052385.751671,,
BATTERY,3,92.893775,43054338.751671,,
BATTERY,3,92.741315,44000640.000000,,
BATTERY,3,92.739860,44003488.000000,,
BATTERY,3,92.739558,44005359.261422,,
BATTERY,3,92.738659,44007119.261422,,
BATTERY,3,92.738638,44007248.261422,,
BATTERY,3,92.737727,44009201.261422,,
BATTERY,3,92.730832,44051992.978454,,
BATTERY,3,92.729921,44053945.978454,,
BATTERY,3,92.577295,45001280.000000,,
BATTERY,3,92.575839,45004128.000000,,
BATTERY,3,92.575652,45005292.202216,,
BATTERY,3,92.574752,45007052.202216,,
BATTERY,3,92.574680,45007501.202216,,
BATTERY,3,92.573768,45009454.202216,,
BATTERY,3,92.567081,45050960.205237,,
BATTERY,3,92.566170,45052913.205237,,
BATTERY,3,92.413509,46000463.112033,,
BATTERY,3,92.412598,46002416.112033,,
BATTERY,3,92.411750,46007680.000000,,
BATTERY,3,92.410294,46010528.000000,,
BATTERY,3,92.410119,46011616.000000,,
BATTERY,3,92.408700,46014657.000000,,
BATTERY,3,92.408261,46017380.806177,,
BATTERY,3,92.407361,46019140.806177,,
BATTERY,3,92.402504,46049287.432020,,
BATTERY,3,92.401593,46051240.432020,,
BATTERY,3,92.248582,47000960.000000,,
BATTERY,3,92.247127,47003808.000000,,
BATTERY,3,92.246818,47005727.855647,,
BATTERY,3,92.245906,47007680.855647,,
BATTERY,3,92.245550,47009889.000000,,
BATTERY,3,92.244651,47011649.000000,,
BATTERY,3,92.238341,47050814.658803,,
BATTERY,3,92.237429,47052767.658803,,
BATTERY,3,92.084769,48000317.565600,,
BATTERY,3,92.083857,48002270.565600,,
BATTERY,3,92.083398,48005120.000000,,
BATTERY,3,92.081942,48007968.000000,,
BATTERY,3,92.081427,48011169.000000,,
BATTERY,3,92.080527,48012929.000000,,
BATTERY,3,92.080481,48013216.000000,,
BATTERY,3,92.079062,48016257.000000,,
BATTERY,3,92.073867,48048501.885586,,
BATTERY,3,92.072955,48050454.885586,,
BATTERY,3,91.919882,49000564.792383,,
BATTERY,3,91.918971,49002517.792383,,
BATTERY,3,91.918345,49006400.000000,,
BATTERY,3,91.916890,49009248.000000,,
BATTERY,3,91.916683,49010529.000000,,
BATTERY,3,91.915784,49012289.000000,,
BATTERY,3,91.909858,49049069.112369,,
BATTERY,3,91.908947,49051022.112369,,
BATTERY,3,91.755976,50000492.019166,,
BATTERY,3,91.755065,50002445.019166,,
BATTERY,3,91.754317,50007086.019166,,
BATTERY,3,91.753418,50008846.019166,,
BATTERY,3,91.746949,50048996.339152,,
BATTERY,3,91.746038,50050949.339152,,
BATTERY,3,91.593084,51000320.000000,,
BATTERY,3,91.591628,51003168.000000,,
BATTERY,3,91.591292,51005255.162511,,
BATTERY,3,91.590392,51007015.162511,,
BATTERY,3,91.590114,51008744.162511,,
BATTERY,3,91.589202,51010697.162511,,
BATTERY,3,91.583095,51048603.565935,,
BATTERY,3,91.582184,51050556.565935,,
BATTERY,3,91.429451,51998554.472732,,
BATTERY,3,91.428539,52000507.472732,,
BATTERY,3,91.428195,52002644.276223,,
BATTERY,3,91.427295,52004404.276223,,
BATTERY,3,91.426866,52007068.472732,,
BATTERY,3,91.425411,52009916.472732,,
BATTERY,3,91.419447,52046930.792718,,
BATTERY,3,91.418536,52048883.792718,,
BATTERY,3,91.265232,53000424.903073,,
BATTERY,3,91.264332,53002184.903073,,
BATTERY,3,91.263922,53004730.815943,,
BATTERY,3,91.263011,53006683.815943,,
BATTERY,3,91.256332,53048138.019501,,
BATTERY,3,91.255421,53050091.019501,,
BATTERY,3,91.102863,53997000.926298,,
BATTERY,3,91.101951,53998953.926298,,
BATTERY,3,91.101814,53999805.529923,,
BATTERY,3,91.100915,54001565.529923,,
BATTERY,3,91.100760,54002526.529923,,
BATTERY,3,91.099304,54005374.529923,,
BATTERY,3,91.092787,54045825.246284,,
BATTERY,3,91.091876,54047778.246284,,
BATTERY,3,90.938906,54997248.153081,,
BATTERY,3,90.937994,54999201.153081,,
BATTERY,3,90.937430,55002706.156774,,
BATTERY,3,90.936530,55004466.156774,,
BATTERY,3,90.936117,55007027.156774,,
BATTERY,3,90.934662,55009875.156774,,
BATTERY,3,90.934332,55011923.156774,,
BATTERY,3,90.932913,55014964.156774,,
BATTERY,3,90.927798,55046712.473067,,
BATTERY,3,90.926886,55048665.473067,,
BATTERY,3,90.774277,55995895.379864,,
BATTERY,3,90.773366,55997848.379864,,
BATTERY,3,90.773301,55998246.783624,,
BATTERY,3,90.772402,56000006.783624,,
BATTERY,3,90.772210,56001198.807520,,
BATTERY,3,90.770754,56004046.807520,,
BATTERY,3,90.763943,56046319.699850,,
BATTERY,3,90.763032,56048272.699850,,
BATTERY,3,90.610081,56997627.410474,,
BATTERY,3,90.609181,56999387.410474,,
BATTERY,3,90.609057,57000156.410474,,
BATTERY,3,90.608146,57002109.410474,,
BATTERY,3,90.608052,57002688.000000,,
BATTERY,3,90.606597,57005536.000000,,
BATTERY,3,90.600192,57045286.926634,,
BATTERY,3,90.599281,57047239.926634,,
BATTERY,3,90.446208,57997349.833430,,
BATTERY,3,90.445296,57999302.833430,,
BATTERY,3,90.444823,58002240.000000,,
BATTERY,3,90.443368,58005088.000000,,
BATTERY,3,90.443295,58005536.000000,,
BATTERY,3,90.441876,58008577.000000,,
BATTERY,3,90.435767,58046494.153417,,
BATTERY,3,90.434856,58048447.153417,,
BATTERY,3,90.281977,58997348.664174,,
BATTERY,3,90.281078,58999108.664174,,
BATTERY,3,90.280960,58999837.060213,,
BATTERY,3,90.280049,59001790.060213,,
BATTERY,3,90.279719,59003840.000000,,
BATTERY,3,90.278263,59006688.000000,,
BATTERY,3,90.271965,59045781.380200,,
BATTERY,3,90.271053,59047734.380200,,
BATTERY,3,90.235419,59268916.000000,,
BATTERY,3,90.234447,59270997.000000,,
BATTERY,3,90.117833,59994809.291025,,
BATTERY,3,90.116934,59996569.291025,,
BATTERY,3,90.116397,59999898.291025,,
BATTERY,3,90.115486,60001851.291025,,
BATTERY,3,90.114908,60005440.000000,,
BATTERY,3,90.113452,60008288.000000,,
BATTERY,3,90.107578,60044748.606983,,
BATTERY,3,90.106667,60046701.606983,,
BATTERY,3,89.953861,60995149.917875,,
BATTERY,3,89.952961,60996909.917875,,
BATTERY,3,89.952257,61001280.000000,,
BATTERY,3,89.950802,61004128.000000,,
BATTERY,3,89.950661,61005001.429670,,
BATTERY,3,89.949750,61006954.429670,,
BATTERY,3,89.943672,61044675.833766,,
BATTERY,3,89.942761,61046628.833766,,
BATTERY,3,89.877325,61452781.000000,,
BATTERY,3,89.876360,61454669.000000,,
BATTERY,3,89.789491,61993858.740562,,
BATTERY,3,89.788579,61995811.740562,,
BATTERY,3,89.787492,62002560.000000,,
BATTERY,3,89.786037,62005408.000000,,
BATTERY,3,89.785861,62006496.000000,,
BATTERY,3,89.784442,62009537.000000,,
BATTERY,3,89.778947,62043643.060549,,
BATTERY,3,89.778036,62045596.060549,,
BATTERY,3,89.646726,62860624.000000,,
BATTERY,3,89.646726,62860624.000000,,
BATTERY,3,89.625323,62993465.967345,,
BATTERY,3,89.624412,62995418.967345,,
BATTERY,3,89.623779,62999351.171575,,
BATTERY,3,89.622879,63001111.171575,,
BATTERY,3,89.622466,63003672.171575,,
BATTERY,3,89.621011,63006520.171575,,
BATTERY,3,89.620939,63006968.171575,,
BATTERY,3,89.619519,63010009.171575,,
BATTERY,3,89.613958,63044530.287332,,
BATTERY,3,89.613046,63046483.287332,,
BATTERY,3,89.606769,63085446.000000,,
BATTERY,3,89.606769,63085446.000000,,
BATTERY,3,89.460660,63992331.798425,,
BATTERY,3,89.459760,63994091.798425,,
BATTERY,3,89.459739,63994220.798425,,
BATTERY,3,89.458828,63996173.798425,,
BATTERY,3,89.458005,64001280.000000,,
BATTERY,3,89.456550,64004128.000000,,
BATTERY,3,89.450361,64042537.514115,,
BATTERY,3,89.449450,64044490.514115,,
BATTERY,3,89.296636,64992992.425276,,
BATTERY,3,89.295736,64994752.425276,,
BATTERY,3,89.295458,64996481.425276,,
BATTERY,3,89.294546,64998434.425276,,
BATTERY,3,89.293933,65002240.000000,,
BATTERY,3,89.292477,65005088.000000,,
BATTERY,3,89.292251,65006496.000000,,
BATTERY,3,89.290831,65009537.000000,,
BATTERY,3,89.285578,65042144.740898,,
BATTERY,3,89.284667,65044097.740898,,
BATTERY,3,89.131992,65991733.052126,,
BATTERY,3,89.131092,65993493.052126,,
BATTERY,3,89.130814,65995222.052126,,
BATTERY,3,89.129902,65997175.052126,,
BATTERY,3,89.129035,66002560.000000,,
BATTERY,3,89.127579,66005408.000000,,
BATTERY,3,89.127198,66007776.000000,,
BATTERY,3,89.125779,66010817.000000,,
BATTERY,3,89.120537,66043351.967681,,
BATTERY,3,89.119625,66045304.967681,,
BATTERY,3,88.967194,66991433.678976,,
BATTERY,3,88.966294,66993193.678976,,
BATTERY,3,88.966067,66994602.678976,,
BATTERY,3,88.965156,66996555.678976,,
BATTERY,3,88.964343,67001600.000000,,
BATTERY,3,88.962887,67004448.000000,,
BATTERY,3,88.962506,67006816.000000,,
BATTERY,3,88.961087,67009857.000000,,
BATTERY,3,88.955754,67042959.194464,,
BATTERY,3,88.954842,67044912.194464,,
BATTERY,3,88.802447,67990814.305826,,
BATTERY,3,88.801547,67992574.305826,,
BATTERY,3,88.801348,67993813.915189,,
BATTERY,3,88.800436,67995766.915189,,
BATTERY,3,88.799342,68002560.000000,,
BATTERY,3,88.797886,68005408.000000,,
BATTERY,3,88.797814,68005856.000000,,
BATTERY,3,88.796395,68008897.000000,,
BATTERY,3,88.791125,68041606.421247,,
BATTERY,3,88.790214,68043559.421247,,
BATTERY,3,88.637700,68990194.932676,,
BATTERY,3,88.636800,68991954.932676,,
BATTERY,3,88.636466,68994030.928648,,
BATTERY,3,88.635555,68995983.928648,,
BATTERY,3,88.634753,69000960.000000,,
BATTERY,3,88.633297,69003808.000000,,
BATTERY,3,88.627374,69040573.648030,,
BATTERY,3,88.626462,69042526.648030,,
BATTERY,3,88.473985,69988935.559526,,
BATTERY,3,88.473086,69990695.559526,,
BATTERY,3,88.472807,69992424.559526,,
BATTERY,3,88.471896,69994377.559526,,
BATTERY,3,88.470887,70000640.000000,,
BATTERY,3,88.469431,70003488.000000,,
BATTERY,3,88.463417,70040820.874813,,
BATTERY,3,88.462505,70042773.874813,,
BATTERY,3,88.309910,70989916.186377,,
BATTERY,3,88.309011,70991676.186377,,
BATTERY,3,88.307309,71002240.000000,,
BATTERY,3,88.305853,71005088.000000,,
BATTERY,3,88.305832,71005217.000000,,
BATTERY,3,88.304921,71007170.000000,,
BATTERY,3,88.304847,71007625.955565,,
BATTERY,3,88.303428,71010666.955565,,
BATTERY,3,88.298736,71039788.101596,,
BATTERY,3,88.297825,71041741.101596,,
BATTERY,3,88.145266,71988656.813227,,
BATTERY,3,88.144367,71990416.813227,,
BATTERY,3,88.143985,71992785.813227,,
BATTERY,3,88.143074,71994738.813227,,
BATTERY,3,88.142123,72000640.000000,,
BATTERY,3,88.140667,72003488.000000,,
BATTERY,3,88.140389,72005216.000000,,
BATTERY,3,88.138970,72008257.000000,,
BATTERY,3,88.133747,72040675.328379,,
BATTERY,3,88.132835,72042628.328379,,
BATTERY,3,87.980520,72988037.440077,,
BATTERY,3,87.979620,72989797.440077,,
BATTERY,3,87.979393,72991206.440077,,
BATTERY,3,87.978482,72993159.440077,,
BATTERY,3,87.977122,73001600.000000,,
BATTERY,3,87.975666,73004448.000000,,
BATTERY,3,87.970202,73038362.555162,,
BATTERY,3,87.969291,73040315.555162,,
BATTERY,3,87.816547,73988378.066927,,
BATTERY,3,87.815648,73990138.066927,,
BATTERY,3,87.815310,73992235.995941,,
BATTERY,3,87.814398,73994188.995941,,
BATTERY,3,87.813307,74000960.000000,,
BATTERY,3,87.811852,74003808.000000,,
BATTERY,3,87.811058,74008736.000000,,
BATTERY,3,87.809639,74011777.000000,,
BATTERY,3,87.805109,74039889.781945,,
BATTERY,3,87.804198,74041842.781945,,
BATTERY,3,87.651852,74987438.693777,,
BATTERY,3,87.650952,74989198.693777,,
BATTERY,3,87.650571,74991567.693777,,
BATTERY,3,87.649659,74993520.693777,,
BATTERY,3,87.648203,75002560.000000,,
BATTERY,3,87.646747,75005408.000000,,
BATTERY,3,87.646160,75009056.000000,,
BATTERY,3,87.644741,75012097.000000,,
BATTERY,3,87.640481,75038537.008728,,
BATTERY,3,87.639569,75040490.008728,,
BATTERY,3,87.487260,75985859.320628,,
BATTERY,3,87.486360,75987619.320628,,
BATTERY,3,87.485983,75989959.915525,,
BATTERY,3,87.485072,75991912.915525,,
BATTERY,3,87.483356,76002560.000000,,
BATTERY,3,87.481901,76005408.000000,,
BATTERY,3,87.481829,76005856.000000,,
BATTERY,3,87.480409,76008897.000000,,
BATTERY,3,87.475646,76038464.235511,,
BATTERY,3,87.474734,76040417.235511,,
BATTERY,3,87.322565,76984919.947478,,
BATTERY,3,87.321665,76986679.947478,,
BATTERY,3,87.319395,77000767.142308,,
BATTERY,3,87.318484,77002720.142308,,
BATTERY,3,87.317994,77005760.000000,,
BATTERY,3,87.316539,77008608.000000,,
BATTERY,3,87.316157,77010976.000000,,
BATTERY,3,87.314738,77014017.000000,,
BATTERY,3,87.310914,77037751.462294,,
BATTERY,3,87.310003,77039704.462294,,
BATTERY,3,87.157612,77985580.574328,,
BATTERY,3,87.156712,77987340.574328,,
BATTERY,3,87.156660,77987664.049776,,
BATTERY,3,87.155748,77989617.049776,,
BATTERY,3,87.153663,78002560.000000,,
BATTERY,3,87.152208,78005408.000000,,
BATTERY,3,87.151878,78007456.000000,,
BATTERY,3,87.150459,78010497.000000,,
BATTERY,3,87.145976,78038318.689077,,
BATTERY,3,87.145065,78040271.689077,,
BATTERY,3,86.992968,78984321.201178,,
BATTERY,3,86.992068,78986081.201178,,
BATTERY,3,86.991582,78989101.595874,,
BATTERY,3,86.990670,78991054.595874,,
BATTERY,3,86.989178,79000320.000000,,
BATTERY,3,86.987722,79003168.000000,,
BATTERY,3,86.987495,79004576.000000,,
BATTERY,3,86.986076,79007617.000000,,
BATTERY,3,86.981502,79036005.915860,,
BATTERY,3,86.980591,79037958.915860,,
BATTERY,3,86.828427,79982421.828028,,
BATTERY,3,86.827528,79984181.828028,,
BATTERY,3,86.826747,79989028.822657,,
BATTERY,3,86.825835,79990981.822657,,
BATTERY,3,86.823970,80002560.000000,,
BATTERY,3,86.822514,80005408.000000,,
BATTERY,3,86.817596,80035933.142643,,
BATTERY,3,86.816685,80037886.142643,,
BATTERY,3,86.664558,80982122.454879,,
BATTERY,3,86.663659,80983882.454879,,
BATTERY,3,86.663099,80987356.049440,,
BATTERY,3,86.662187,80989309.049440,,
BATTERY,3,86.660104,81002240.000000,,
BATTERY,3,86.658649,81005088.000000,,
BATTERY,3,86.653691,81035860.369427,,
BATTERY,3,86.652779,81037813.369427,,
BATTERY,3,86.500534,81982783.081729,,
BATTERY,3,86.499635,81984543.081729,,
BATTERY,3,86.498678,81990483.276223,,
BATTERY,3,86.497766,81992436.276223,,
BATTERY,3,86.496496,82000320.000000,,
BATTERY,3,86.495040,82003168.000000,,
BATTERY,3,86.494865,82004256.000000,,
BATTERY,3,86.493446,82007297.000000,,
BATTERY,3,86.488650,82037067.596210,,
BATTERY,3,86.487738,82039020.596210,,
BATTERY,3,86.335787,82982163.708579,,
BATTERY,3,86.334888,82983923.708579,,
BATTERY,3,86.334358,82987210.503006,,
BATTERY,3,86.333447,82989163.503006,,
BATTERY,3,86.331598,83000640.000000,,
BATTERY,3,86.330142,83003488.000000,,
BATTERY,3,86.329967,83004576.000000,,
BATTERY,3,86.328548,83007617.000000,,
BATTERY,3,86.323969,83036034.822993,,
BATTERY,3,86.323058,83037987.822993,,
BATTERY,3,86.170937,83982184.335429,,
BATTERY,3,86.170038,83983944.335429,,
BATTERY,3,86.169730,83985857.729789,,
BATTERY,3,86.168818,83987810.729789,,
BATTERY,3,86.166442,84002560.000000,,
BATTERY,3,86.164986,84005408.000000,,
BATTERY,3,86.164760,84006816.000000,,
BATTERY,3,86.163340,84009857.000000,,
BATTERY,3,86.159392,84034362.049776,,
BATTERY,3,86.158481,84036315.049776,,
BATTERY,3,86.006191,84981564.962279,,
BATTERY,3,86.005291,84983324.962279,,
BATTERY,3,86.004895,84985784.956572,,
BATTERY,3,86.003983,84987737.956572,,
BATTERY,3,86.001698,85001920.000000,,
BATTERY,3,86.000243,85004768.000000,,
BATTERY,3,85.999810,85007456.000000,,
BATTERY,3,85.998391,85010497.000000,,
BATTERY,3,85.994609,85033969.276559,,
BATTERY,3,85.993698,85035922.276559,,
BATTERY,3,85.841805,85978705.589129,,
BATTERY,3,85.840905,85980465.589129,,
BATTERY,3,85.840111,85985392.183355,,
BATTERY,3,85.839200,85987345.183355,,
BATTERY,3,85.836800,86002240.000000,,
BATTERY,3,85.835345,86005088.000000,,
BATTERY,3,85.835221,86005856.000000,,
BATTERY,3,85.833802,86008897.000000,,
BATTERY,3,85.829671,86034536.503342,,
BATTERY,3,85.828760,86036489.503342,,
BATTERY,3,85.676903,86979046.215980,,
BATTERY,3,85.676004,86980806.215980,,
BATTERY,3,85.675483,86984039.410138,,
BATTERY,3,85.674571,86985992.410138,,
BATTERY,3,85.672212,87000640.000000,,
BATTERY,3,85.670756,87003488.000000,,
BATTERY,3,85.670581,87004576.000000,,
BATTERY,3,85.669161,87007617.000000,,
BATTERY,3,85.664888,87034143.730125,,
BATTERY,3,85.663976,87036096.730125,,
BATTERY,3,85.512260,87977786.842830,,
BATTERY,3,85.511360,87979546.842830,,
BATTERY,3,85.510545,87984606.636921,,
BATTERY,3,85.509633,87986559.636921,,
BATTERY,3,85.507416,88000320.000000,,
BATTERY,3,85.505961,88003168.000000,,
BATTERY,3,85.505837,88003936.000000,,
BATTERY,3,85.504418,88006977.000000,,
BATTERY,3,85.500053,88034070.956908,,
BATTERY,3,85.499141,88036023.956908,,
BATTERY,3,85.347307,88978447.469680,,
BATTERY,3,85.346407,88980207.469680,,
BATTERY,3,85.345761,88984213.863704,,
BATTERY,3,85.344850,88986166.863704,,
BATTERY,3,85.342209,89002560.000000,,
BATTERY,3,85.340753,89005408.000000,,
BATTERY,3,85.340423,89007456.000000,,
BATTERY,3,85.339004,89010497.000000,,
BATTERY,3,85.335424,89032718.183691,,
BATTERY,3,85.334513,89034671.183691,,
BATTERY,3,85.182663,89977188.096530,,
BATTERY,3,85.181763,89978948.096530,,
BATTERY,3,85.180875,89984461.090487,,
BATTERY,3,85.179964,89986414.090487,,
BATTERY,3,85.177414,90002240.000000,,
BATTERY,3,85.175958,90005088.000000,,
BATTERY,3,85.171570,90032325.410474,,
BATTERY,3,85.170659,90034278.410474,,
BATTERY,3,85.018845,90976568.723380,,
BATTERY,3,85.017946,90978328.723380,,
BATTERY,3,85.017124,90983428.317270,,
BATTERY,3,85.016213,90985381.317270,,
BATTERY,3,85.013497,91002240.000000,,
BATTERY,3,85.012041,91005088.000000,,
BATTERY,3,85.011866,91006176.000000,,
BATTERY,3,85.010446,91009217.000000,,
BATTERY,3,85.006838,91031612.637257,,
BATTERY,3,85.005927,91033565.637257,,
BATTERY,3,84.853944,91976909.350231,,
BATTERY,3,84.853044,91978669.350231,,
BATTERY,3,84.852289,91983355.544053,,
BATTERY,3,84.851378,91985308.544053,,
BATTERY,3,84.848701,92001920.000000,,
BATTERY,3,84.847246,92004768.000000,,
BATTERY,3,84.847071,92005856.000000,,
BATTERY,3,84.845651,92008897.000000,,
BATTERY,3,84.842055,92031219.864040,,
BATTERY,3,84.841144,92033172.864040,,
BATTERY,3,84.689352,92975329.977081,,
BATTERY,3,84.688452,92977089.977081,,
BATTERY,3,84.687764,92981362.770836,,
BATTERY,3,84.686852,92983315.770836,,
BATTERY,3,84.683803,93002240.000000,,
BATTERY,3,84.682348,93005088.000000,,
BATTERY,3,84.681966,93007456.000000,,
BATTERY,3,84.680547,93010497.000000,,
BATTERY,3,84.677323,93030507.090823,,
BATTERY,3,84.676412,93032460.090823,,
BATTERY,3,84.524656,93974390.603931,,
BATTERY,3,84.523757,93976150.603931,,
BATTERY,3,84.522671,93982889.997619,,
BATTERY,3,84.521760,93984842.997619,,
BATTERY,3,84.518905,94002560.000000,,
BATTERY,3,84.517449,94005408.000000,,
BATTERY,3,84.516965,94008416.000000,,
BATTERY,3,84.515546,94011457.000000,,
BATTERY,3,84.512179,94032354.317606,,
BATTERY,3,84.511268,94034307.317606,,
BATTERY,3,84.359652,94975371.230781,,
BATTERY,3,84.358752,94977131.230781,,
BATTERY,3,84.358197,94980577.224402,,
BATTERY,3,84.357286,94982530.224402,,
BATTERY,3,84.354110,95002240.000000,,
BATTERY,3,84.352654,95005088.000000,,
BATTERY,3,84.352428,95006496.000000,,
BATTERY,3,84.351008,95009537.000000,,
BATTERY,3,84.347653,95030361.544389,,
BATTERY,3,84.346742,95032314.544389,,
BATTERY,3,84.195060,95973791.857631,,
BATTERY,3,84.194160,95975551.857631,,
BATTERY,3,84.193207,95981464.451185,,
BATTERY,3,84.192296,95983417.451185,,
BATTERY,3,84.189470,96000960.000000,,
BATTERY,3,84.188014,96003808.000000,,
BATTERY,3,84.187942,96004256.000000,,
BATTERY,3,84.186523,96007297.000000,,
BATTERY,3,84.182973,96029328.771172,,
BATTERY,3,84.182062,96031281.771172,,
BATTERY,3,84.030364,96972852.484482,,
BATTERY,3,84.029465,96974612.484482,,
BATTERY,3,84.028630,96979791.677969,,
BATTERY,3,84.027719,96981744.677969,,
BATTERY,3,84.024417,97002240.000000,,
BATTERY,3,84.022961,97005088.000000,,
BATTERY,3,84.022631,97007136.000000,,
BATTERY,3,84.021212,97010177.000000,,
BATTERY,3,84.017932,97030535.997955,,
BATTERY,3,84.017021,97032488.997955,,
BATTERY,3,83.865463,97973193.111332,,
BATTERY,3,83.864563,97974953.111332,,
BATTERY,3,83.863847,97979398.904752,,
BATTERY,3,83.862936,97981351.904752,,
BATTERY,3,83.859880,98000320.000000,,
BATTERY,3,83.858424,98003168.000000,,
BATTERY,3,83.858094,98005216.000000,,
BATTERY,3,83.856675,98008257.000000,,
BATTERY,3,83.853303,98029183.224738,,
BATTERY,3,83.852392,98031136.224738,,
BATTERY,3,83.700922,98971293.738182,,
BATTERY,3,83.700023,98973053.738182,,
BATTERY,3,83.698754,98980926.131535,,
BATTERY,3,83.697843,98982879.131535,,
BATTERY,3,83.694930,99000960.000000,,
BATTERY,3,83.693474,99003808.000000,,
BATTERY,3,83.693196,99005536.000000,,
BATTERY,3,83.691777,99008577.000000,,
BATTERY,3,83.688417,99029430.451521,,
BATTERY,3,83.687506,99031383.451521,,
BATTERY,3,83.535969,99971954.365032,,
BATTERY,3,83.535070,99973714.365032,,
BATTERY,3,83.534023,99980213.358318,,
BATTERY,3,83.533111,99982166.358318,,
BATTERY,3,83.530342,99999352.671590,,
