BATTERY,5,99.997131,17808.000000,,
BATTERY,5,99.997131,17808.000000,,
BATTERY,5,99.997059,18256.000000,,
BATTERY,5,99.996147,20209.000000,,
BATTERY,5,99.995450,24536.000000,,
BATTERY,5,99.994479,26617.000000,,
BATTERY,5,99.993417,33209.000000,,
BATTERY,5,99.993417,33209.000000,,
BATTERY,5,99.992794,37075.000000,,
BATTERY,5,99.992794,37075.000000,,
BATTERY,5,99.992567,38484.000000,,
BATTERY,5,99.991656,40437.000000,,
BATTERY,5,99.991480,41525.000000,,
BATTERY,5,99.990509,43606.000000,,
BATTERY,5,99.990406,44245.000000,,
BATTERY,5,99.989507,46005.000000,,
BATTERY,5,99.988785,50487.000000,,
BATTERY,5,99.987885,52247.000000,,
BATTERY,5,99.987377,55404.000000,,
BATTERY,5,99.987377,55404.000000,,
BATTERY,5,99.987304,55853.000000,,
BATTERY,5,99.986333,57934.000000,,
BATTERY,5,99.985823,61102.000000,,
BATTERY,5,99.985823,61102.000000,,
BATTERY,5,99.983500,75518.000000,,
BATTERY,5,99.983500,75518.000000,,
BATTERY,5,99.981891,85506.000000,,
BATTERY,5,99.980920,87587.000000,,
BATTERY,5,99.979589,95849.000000,,
BATTERY,5,99.979589,95849.000000,,
BATTERY,5,99.977682,107682.000000,,
BATTERY,5,99.977682,107682.000000,,
BATTERY,5,99.977061,111540.000000,,
BATTERY,5,99.977061,111540.000000,,
BATTERY,5,99.974765,125792.000000,,
BATTERY,5,99.974765,125792.000000,,
BATTERY,5,99.973466,133852.000000,,
BATTERY,5,99.972495,135933.000000,,
BATTERY,5,99.969433,154937.000000,,
BATTERY,5,99.969433,154937.000000,,
BATTERY,5,99.966952,170334.000000,,
BATTERY,5,99.966952,170334.000000,,
BATTERY,5,99.960810,208457.000000,,
BATTERY,5,99.960810,208457.000000,,
BATTERY,5,99.954889,245210.000000,,
BATTERY,5,99.954889,245210.000000,,
BATTERY,5,99.953292,255126.000000,,
BATTERY,5,99.952320,257207.000000,,
BATTERY,5,99.942537,317931.000000,,
BATTERY,5,99.942537,317931.000000,,
BATTERY,5,99.922137,444555.000000,,
BATTERY,5,99.921165,446636.000000,,
BATTERY,5,99.918614,462474.000000,,
BATTERY,5,99.918614,462474.000000,,
BATTERY,5,99.916769,473925.000000,,
BATTERY,5,99.916769,473925.000000,,
BATTERY,5,99.913005,497290.000000,,
BATTERY,5,99.913005,497290.000000,,
BATTERY,5,99.855669,853167.000000,,
BATTERY,5,99.855669,853167.000000,,
BATTERY,5,99.848622,896906.000000,,
BATTERY,5,99.848622,896906.000000,,
BATTERY,5,99.833940,988033.000000,,
BATTERY,5,99.833940,988033.000000,,
BATTERY,5,99.828830,1019753.013459,,
BATTERY,5,99.827919,1021706.013459,,
BATTERY,5,99.827331,1025354.013459,,
BATTERY,5,99.826360,1027435.013459,,
BATTERY,5,99.825425,1033234.013459,,
BATTERY,5,99.824514,1035187.013459,,
BATTERY,5,99.823005,1044555.413526,,
BATTERY,5,99.822105,1046315.413526,,
BATTERY,5,99.821383,1050797.413526,,
BATTERY,5,99.820483,1052557.413526,,
BATTERY,5,99.714868,1708101.000000,,
BATTERY,5,99.714868,1708101.000000,,
BATTERY,5,99.713018,1719584.000000,,
BATTERY,5,99.713018,1719584.000000,,
BATTERY,5,99.712791,1720993.000000,,
BATTERY,5,99.711820,1723074.000000,,
BATTERY,5,99.677263,1937565.000000,,
BATTERY,5,99.677263,1937565.000000,,
BATTERY,5,99.664193,2018690.026917,,
BATTERY,5,99.663281,2020643.026917,,
BATTERY,5,99.661012,2034731.026917,,
BATTERY,5,99.660100,2036684.026917,,
BATTERY,5,99.659143,2042625.827052,,
BATTERY,5,99.658243,2044385.827052,,
BATTERY,5,99.657470,2049187.827052,,
BATTERY,5,99.656570,2050947.827052,,
BATTERY,5,99.500879,3017307.040376,,
BATTERY,5,99.499968,3019260.040376,,
BATTERY,5,99.497646,3033668.040376,,
BATTERY,5,99.496735,3035621.040376,,
BATTERY,5,99.495453,3043576.240577,,
BATTERY,5,99.494554,3045336.240577,,
BATTERY,5,99.493832,3049818.240577,,
BATTERY,5,99.492932,3051578.240577,,
BATTERY,5,99.481140,3124769.000000,,
BATTERY,5,99.480169,3126850.000000,,
BATTERY,5,99.473545,3167968.000000,,
BATTERY,5,99.473545,3167968.000000,,
BATTERY,5,99.431775,3427230.000000,,
BATTERY,5,99.431775,3427230.000000,,
BATTERY,5,99.336672,4017524.053835,,
BATTERY,5,99.335760,4019477.053835,,
BATTERY,5,99.333542,4033245.053835,,
BATTERY,5,99.332631,4035198.053835,,
BATTERY,5,99.331489,4042286.654103,,
BATTERY,5,99.330589,4044046.654103,,
BATTERY,5,99.329764,4049168.654103,,
BATTERY,5,99.328864,4050928.654103,,
BATTERY,5,99.328140,4055422.000000,,
BATTERY,5,99.328140,4055422.000000,,
BATTERY,5,99.173100,5017741.067293,,
BATTERY,5,99.172189,5019694.067293,,
BATTERY,5,99.170074,5032822.067293,,
BATTERY,5,99.169162,5034775.067293,,
BATTERY,5,99.168160,5040997.067629,,
BATTERY,5,99.167260,5042757.067629,,
BATTERY,5,99.166590,5046919.067629,,
BATTERY,5,99.165690,5048679.067629,,
BATTERY,5,99.009889,6015718.080752,,
BATTERY,5,99.008978,6017671.080752,,
BATTERY,5,99.006708,6031759.080752,,
BATTERY,5,99.005797,6033712.080752,,
BATTERY,5,99.004573,6041307.481155,,
BATTERY,5,99.003674,6043067.481155,,
BATTERY,5,99.003158,6046269.481155,,
BATTERY,5,99.002258,6048029.481155,,
BATTERY,5,98.982163,6172758.000000,,
BATTERY,5,98.981192,6174839.000000,,
BATTERY,5,98.917813,6568225.000000,,
BATTERY,5,98.917813,6568225.000000,,
BATTERY,5,98.872524,6849331.000000,,
BATTERY,5,98.872524,6849331.000000,,
BATTERY,5,98.845197,7018943.094211,,
BATTERY,5,98.844286,7020896.094211,,
BATTERY,5,98.842501,7031976.094211,,
BATTERY,5,98.841589,7033929.094211,,
BATTERY,5,98.840454,7040977.894681,,
BATTERY,5,98.839554,7042737.894681,,
BATTERY,5,98.838935,7046579.894681,,
BATTERY,5,98.838036,7048339.894681,,
BATTERY,5,98.825146,7128342.000000,,
BATTERY,5,98.825146,7128342.000000,,
BATTERY,5,98.682007,8016792.107669,,
BATTERY,5,98.681096,8018745.107669,,
BATTERY,5,98.679135,8030913.107669,,
BATTERY,5,98.678224,8032866.107669,,
BATTERY,5,98.677280,8038728.308206,,
BATTERY,5,98.676380,8040488.308206,,
BATTERY,5,98.675606,8045290.308206,,
BATTERY,5,98.674707,8047050.308206,,
BATTERY,5,98.518693,9015409.121128,,
BATTERY,5,98.517782,9017362.121128,,
BATTERY,5,98.515461,9031770.121128,,
BATTERY,5,98.514549,9033723.121128,,
BATTERY,5,98.513848,9038078.721732,,
BATTERY,5,98.512948,9039838.721732,,
BATTERY,5,98.511917,9046240.721732,,
BATTERY,5,98.511017,9048000.721732,,
BATTERY,5,98.355380,10014026.134587,,
BATTERY,5,98.354468,10015979.134587,,
BATTERY,5,98.352250,10029747.134587,,
BATTERY,5,98.351339,10031700.134587,,
BATTERY,5,98.350106,10039349.135258,,
BATTERY,5,98.349207,10041109.135258,,
BATTERY,5,98.348794,10043671.135258,,
BATTERY,5,98.347894,10045431.135258,,
BATTERY,5,98.191963,11013283.148045,,
BATTERY,5,98.191051,11015236.148045,,
BATTERY,5,98.188885,11028684.148045,,
BATTERY,5,98.187973,11030637.148045,,
BATTERY,5,98.186932,11037099.548784,,
BATTERY,5,98.186033,11038859.548784,,
BATTERY,5,98.185001,11045261.548784,,
BATTERY,5,98.184102,11047021.548784,,
BATTERY,5,98.028391,12013500.161504,,
BATTERY,5,98.027480,12015453.161504,,
BATTERY,5,98.025365,12028581.161504,,
BATTERY,5,98.024453,12030534.161504,,
BATTERY,5,98.023449,12036769.962310,,
BATTERY,5,98.022549,12038529.962310,,
BATTERY,5,98.021569,12044611.962310,,
BATTERY,5,98.020670,12046371.962310,,
BATTERY,5,97.864665,13014677.174963,,
BATTERY,5,97.863754,13016630.174963,,
BATTERY,5,97.861742,13029118.174963,,
BATTERY,5,97.860830,13031071.174963,,
BATTERY,5,97.860017,13036120.375835,,
BATTERY,5,97.859117,13037880.375835,,
BATTERY,5,97.858137,13043962.375835,,
BATTERY,5,97.857238,13045722.375835,,
BATTERY,5,97.779053,13531004.000000,,
BATTERY,5,97.779053,13531004.000000,,
BATTERY,5,97.722297,13883288.000000,,
BATTERY,5,97.721325,13885369.000000,,
BATTERY,5,97.700612,14013934.188421,,
BATTERY,5,97.699701,14015887.188421,,
BATTERY,5,97.697689,14028375.188421,,
BATTERY,5,97.696777,14030328.188421,,
BATTERY,5,97.695949,14035470.789361,,
BATTERY,5,97.695049,14037230.789361,,
BATTERY,5,97.694173,14042672.789361,,
BATTERY,5,97.693273,14044432.789361,,
BATTERY,5,97.655279,14280260.000000,,
BATTERY,5,97.655279,14280260.000000,,
BATTERY,5,97.537144,15013511.201880,,
BATTERY,5,97.536232,15015464.201880,,
BATTERY,5,97.534220,15027952.201880,,
BATTERY,5,97.533309,15029905.201880,,
BATTERY,5,97.532311,15036101.202887,,
BATTERY,5,97.531411,15037861.202887,,
BATTERY,5,97.530792,15041703.202887,,
BATTERY,5,97.529893,15043463.202887,,
BATTERY,5,97.373933,16011488.215339,,
BATTERY,5,97.373022,16013441.215339,,
BATTERY,5,97.370752,16027529.215339,,
BATTERY,5,97.369840,16029482.215339,,
BATTERY,5,97.368930,16035131.616413,,
BATTERY,5,97.368031,16036891.616413,,
BATTERY,5,97.367463,16040413.616413,,
BATTERY,5,97.366564,16042173.616413,,
BATTERY,5,97.349188,16150025.000000,,
BATTERY,5,97.349188,16150025.000000,,
BATTERY,5,97.208866,17020985.228797,,
BATTERY,5,97.207955,17022938.228797,,
BATTERY,5,97.207232,17027426.228797,,
BATTERY,5,97.206320,17029379.228797,,
BATTERY,5,97.205395,17035122.029939,,
BATTERY,5,97.204496,17036882.029939,,
BATTERY,5,97.204083,17039444.029939,,
BATTERY,5,97.203183,17041204.029939,,
BATTERY,5,97.045243,18021522.242256,,
BATTERY,5,97.044332,18023475.242256,,
BATTERY,5,97.043712,18027323.242256,,
BATTERY,5,97.042800,18029276.242256,,
BATTERY,5,97.042015,18034152.443464,,
BATTERY,5,97.041115,18035912.443464,,
BATTERY,5,97.040599,18039114.443464,,
BATTERY,5,97.039700,18040874.443464,,
BATTERY,5,96.883373,19011179.255715,,
BATTERY,5,96.882462,19013132.255715,,
BATTERY,5,96.880243,19026900.255715,,
BATTERY,5,96.879332,19028853.255715,,
BATTERY,5,96.878686,19032862.856990,,
BATTERY,5,96.877786,19034622.856990,,
BATTERY,5,96.877064,19039104.856990,,
BATTERY,5,96.876165,19040864.856990,,
BATTERY,5,96.719337,20014276.269173,,
BATTERY,5,96.718426,20016229.269173,,
BATTERY,5,96.716775,20026477.269173,,
BATTERY,5,96.715864,20028430.269173,,
BATTERY,5,96.715409,20031253.270516,,
BATTERY,5,96.714509,20033013.270516,,
BATTERY,5,96.713839,20037175.270516,,
BATTERY,5,96.712939,20038935.270516,,
BATTERY,5,96.556488,21010013.282632,,
BATTERY,5,96.555576,21011966.282632,,
BATTERY,5,96.553203,21026694.282632,,
BATTERY,5,96.552292,21028647.282632,,
BATTERY,5,96.552028,21030283.684042,,
BATTERY,5,96.551129,21032043.684042,,
BATTERY,5,96.550149,21038125.684042,,
BATTERY,5,96.549249,21039885.684042,,
BATTERY,5,96.392555,22012470.296091,,
BATTERY,5,96.391644,22014423.296091,,
BATTERY,5,96.390044,22024351.296091,,
BATTERY,5,96.389133,22026304.296091,,
BATTERY,5,96.388442,22030594.097568,,
BATTERY,5,96.387542,22032354.097568,,
BATTERY,5,96.386665,22037796.097568,,
BATTERY,5,96.385766,22039556.097568,,
BATTERY,5,96.229448,23009807.309549,,
BATTERY,5,96.228536,23011760.309549,,
BATTERY,5,96.226266,23025848.309549,,
BATTERY,5,96.225355,23027801.309549,,
BATTERY,5,96.225061,23029624.511093,,
BATTERY,5,96.224162,23031384.511093,,
BATTERY,5,96.223491,23035546.511093,,
BATTERY,5,96.222592,23037306.511093,,
BATTERY,5,96.066031,24009064.323008,,
BATTERY,5,96.065119,24011017.323008,,
BATTERY,5,96.063004,24024145.323008,,
BATTERY,5,96.062093,24026098.323008,,
BATTERY,5,96.061578,24029294.924619,,
BATTERY,5,96.060678,24031054.924619,,
BATTERY,5,96.059905,24035856.924619,,
BATTERY,5,96.059005,24037616.924619,,
BATTERY,5,95.902717,25007681.336467,,
BATTERY,5,95.901805,25009634.336467,,
BATTERY,5,95.899381,25024682.336467,,
BATTERY,5,95.898470,25026635.336467,,
BATTERY,5,95.898043,25029285.338145,,
BATTERY,5,95.897143,25031045.338145,,
BATTERY,5,95.896576,25034567.338145,,
BATTERY,5,95.895676,25036327.338145,,
BATTERY,5,95.738991,26008858.349925,,
BATTERY,5,95.738079,26010811.349925,,
BATTERY,5,95.735861,26024579.349925,,
BATTERY,5,95.734950,26026532.349925,,
BATTERY,5,95.734869,26027035.751671,,
BATTERY,5,95.733969,26028795.751671,,
BATTERY,5,95.732886,26035517.751671,,
BATTERY,5,95.731986,26037277.751671,,
BATTERY,5,95.659808,26485279.000000,,
BATTERY,5,95.659808,26485279.000000,,
BATTERY,5,95.593137,26899099.000000,,
BATTERY,5,95.592166,26901180.000000,,
BATTERY,5,95.573061,27019763.363384,,
BATTERY,5,95.572150,27021716.363384,,
BATTERY,5,95.572066,27022236.363384,,
BATTERY,5,95.571155,27024189.363384,,
BATTERY,5,95.570440,27028626.165197,,
BATTERY,5,95.569540,27030386.165197,,
BATTERY,5,95.568818,27034868.165197,,
BATTERY,5,95.567919,27036628.165197,,
BATTERY,5,95.527813,27285558.000000,,
BATTERY,5,95.527813,27285558.000000,,
BATTERY,5,95.410696,28012492.376843,,
BATTERY,5,95.409785,28014445.376843,,
BATTERY,5,95.408288,28023733.376843,,
BATTERY,5,95.407377,28025686.376843,,
BATTERY,5,95.407111,28027336.578723,,
BATTERY,5,95.406211,28029096.578723,,
BATTERY,5,95.405489,28033578.578723,,
BATTERY,5,95.404590,28035338.578723,,
BATTERY,5,95.331931,28486324.000000,,
BATTERY,5,95.331931,28486324.000000,,
BATTERY,5,95.247949,29007589.390301,,
BATTERY,5,95.247038,29009542.390301,,
BATTERY,5,95.245129,29021390.390301,,
BATTERY,5,95.244218,29023343.390301,,
BATTERY,5,95.243885,29025406.992248,,
BATTERY,5,95.242986,29027166.992248,,
BATTERY,5,95.242006,29033248.992248,,
BATTERY,5,95.241106,29035008.992248,,
BATTERY,5,95.084790,30005246.403760,,
BATTERY,5,95.083879,30007199.403760,,
BATTERY,5,95.081454,30022247.403760,,
BATTERY,5,95.080543,30024200.403760,,
BATTERY,5,95.080299,30025717.405774,,
BATTERY,5,95.079399,30027477.405774,,
BATTERY,5,95.078625,30032279.405774,,
BATTERY,5,95.077726,30034039.405774,,
BATTERY,5,94.919414,31016663.417219,,
BATTERY,5,94.918503,31018616.417219,,
BATTERY,5,94.918089,31021184.417219,,
BATTERY,5,94.917178,31023137.417219,,
BATTERY,5,94.917021,31024107.819300,,
BATTERY,5,94.916122,31025867.819300,,
BATTERY,5,94.915451,31030029.819300,,
BATTERY,5,94.914552,31031789.819300,,
BATTERY,5,94.756822,32010800.430677,,
BATTERY,5,94.755911,32012753.430677,,
BATTERY,5,94.754775,32019801.430677,,
BATTERY,5,94.753864,32021754.430677,,
BATTERY,5,94.753538,32023778.232826,,
BATTERY,5,94.752638,32025538.232826,,
BATTERY,5,94.751968,32029700.232826,,
BATTERY,5,94.751068,32031460.232826,,
BATTERY,5,94.594385,33003977.444136,,
BATTERY,5,94.593473,33005930.444136,,
BATTERY,5,94.591255,33019698.444136,,
BATTERY,5,94.590344,33021651.444136,,
BATTERY,5,94.590106,33023128.646352,,
BATTERY,5,94.589206,33024888.646352,,
BATTERY,5,94.588226,33030970.646352,,
BATTERY,5,94.587327,33032730.646352,,
BATTERY,5,94.430762,34004514.457595,,
BATTERY,5,94.429850,34006467.457595,,
BATTERY,5,94.427787,34019275.457595,,
BATTERY,5,94.426875,34021228.457595,,
BATTERY,5,94.426674,34022479.059877,,
BATTERY,5,94.425774,34024239.059877,,
BATTERY,5,94.424949,34029361.059877,,
BATTERY,5,94.424050,34031121.059877,,
BATTERY,5,94.267345,35003771.471053,,
BATTERY,5,94.266433,35005724.471053,,
BATTERY,5,94.264112,35020132.471053,,
BATTERY,5,94.263201,35022085.471053,,
BATTERY,5,94.262984,35023429.473403,,
BATTERY,5,94.262085,35025189.473403,,
BATTERY,5,94.261620,35028071.473403,,
BATTERY,5,94.260721,35029831.473403,,
BATTERY,5,94.103567,36005268.484512,,
BATTERY,5,94.102656,36007221.484512,,
BATTERY,5,94.100850,36018429.484512,,
BATTERY,5,94.099938,36020382.484512,,
BATTERY,5,94.099707,36021819.886929,,
BATTERY,5,94.098807,36023579.886929,,
BATTERY,5,94.097931,36029021.886929,,
BATTERY,5,94.097031,36030781.886929,,
BATTERY,5,93.938222,37016493.497970,,
BATTERY,5,93.937311,37018446.497970,,
BATTERY,5,93.937032,37020177.604968,,
BATTERY,5,93.936120,37022130.604968,,
BATTERY,5,93.934831,37030130.300455,,
BATTERY,5,93.933932,37031890.300455,,
BATTERY,5,93.933674,37033491.300455,,
BATTERY,5,93.932774,37035251.300455,,
BATTERY,5,93.776424,38005702.511429,,
BATTERY,5,93.775512,38007655.511429,,
BATTERY,5,93.773758,38018543.511429,,
BATTERY,5,93.772847,38020496.511429,,
BATTERY,5,93.772740,38021160.713981,,
BATTERY,5,93.771840,38022920.713981,,
BATTERY,5,93.771273,38026442.713981,,
BATTERY,5,93.770373,38028202.713981,,
BATTERY,5,93.612801,39006239.524888,,
BATTERY,5,93.611889,39008192.524888,,
BATTERY,5,93.610290,39018120.524888,,
BATTERY,5,93.609378,39020073.524888,,
BATTERY,5,93.609256,39020831.127506,,
BATTERY,5,93.608357,39022591.127506,,
BATTERY,5,93.607686,39026753.127506,,
BATTERY,5,93.606787,39028513.127506,,
BATTERY,5,93.447693,40015992.538346,,
BATTERY,5,93.446781,40017945.538346,,
BATTERY,5,93.446606,40019033.538346,,
BATTERY,5,93.445695,40020986.538346,,
BATTERY,5,93.445618,40021461.541032,,
BATTERY,5,93.444719,40023221.541032,,
BATTERY,5,93.444461,40024823.541032,,
BATTERY,5,93.443561,40026583.541032,,
BATTERY,5,93.285606,41006993.551805,,
BATTERY,5,93.284695,41008946.551805,,
BATTERY,5,93.283404,41016954.551805,,
BATTERY,5,93.282493,41018907.551805,,
BATTERY,5,93.282135,41021131.954558,,
BATTERY,5,93.281235,41022891.954558,,
BATTERY,5,93.281029,41024173.954558,,
BATTERY,5,93.280129,41025933.954558,,
BATTERY,5,93.121519,42010410.565264,,
BATTERY,5,93.120607,42012363.565264,,
BATTERY,5,93.120091,42015571.565264,,
BATTERY,5,93.119179,42017524.565264,,
BATTERY,5,93.118548,42021442.368084,,
BATTERY,5,93.117648,42023202.368084,,
BATTERY,5,93.117236,42025763.368084,,
BATTERY,5,93.116336,42027523.368084,,
BATTERY,5,92.959700,42999747.578722,,
BATTERY,5,92.958789,43001700.578722,,
BATTERY,5,92.956622,43015148.578722,,
BATTERY,5,92.955711,43017101.578722,,
BATTERY,5,92.954961,43021752.781610,,
BATTERY,5,92.954062,43023512.781610,,
BATTERY,5,92.953804,43025113.781610,,
BATTERY,5,92.952904,43026873.781610,,
BATTERY,5,92.794170,44012124.592181,,
BATTERY,5,92.793258,44014077.592181,,
BATTERY,5,92.792896,44016325.592181,,
BATTERY,5,92.791985,44018278.592181,,
BATTERY,5,92.791375,44022063.195135,,
BATTERY,5,92.790475,44023823.195135,,
BATTERY,5,92.790114,44026064.195135,,
BATTERY,5,92.789215,44027824.195135,,
BATTERY,5,92.631165,45008821.605640,,
BATTERY,5,92.630254,45010774.605640,,
BATTERY,5,92.629622,45014693.608661,,
BATTERY,5,92.628723,45016453.608661,,
BATTERY,5,92.628341,45018822.608661,,
BATTERY,5,92.627430,45020775.608661,,
BATTERY,5,92.627095,45022855.608661,,
BATTERY,5,92.626195,45024615.608661,,
BATTERY,5,92.469243,45998798.619098,,
BATTERY,5,92.468332,46000751.619098,,
BATTERY,5,92.466139,46014364.022187,,
BATTERY,5,92.465239,46016124.022187,,
BATTERY,5,92.465167,46016573.022187,,
BATTERY,5,92.464255,46018526.022187,,
BATTERY,5,92.463714,46021886.022187,,
BATTERY,5,92.462815,46023646.022187,,
BATTERY,5,92.304434,47006695.632557,,
BATTERY,5,92.303523,47008648.632557,,
BATTERY,5,92.302758,47013394.435713,,
BATTERY,5,92.301859,47015154.435713,,
BATTERY,5,92.301580,47016883.435713,,
BATTERY,5,92.300669,47018836.435713,,
BATTERY,5,92.300488,47019956.435713,,
BATTERY,5,92.299589,47021716.435713,,
BATTERY,5,92.141739,48001472.646016,,
BATTERY,5,92.140828,48003425.646016,,
BATTERY,5,92.139074,48014313.646016,,
BATTERY,5,92.138162,48016266.646016,,
BATTERY,5,92.137363,48021226.849239,,
BATTERY,5,92.136464,48022986.849239,,
BATTERY,5,91.978784,49001689.659474,,
BATTERY,5,91.977872,49003642.659474,,
BATTERY,5,91.976510,49012095.262764,,
BATTERY,5,91.975611,49013855.262764,,
BATTERY,5,91.975384,49015264.262764,,
BATTERY,5,91.974472,49017217.262764,,
BATTERY,5,91.974292,49018337.262764,,
BATTERY,5,91.973392,49020097.262764,,
BATTERY,5,91.815676,49999026.672933,,
BATTERY,5,91.814765,50000979.672933,,
BATTERY,5,91.812924,50012405.676290,,
BATTERY,5,91.812024,50014165.676290,,
BATTERY,5,91.811952,50014614.676290,,
BATTERY,5,91.811041,50016567.676290,,
BATTERY,5,91.810860,50017687.676290,,
BATTERY,5,91.809961,50019447.676290,,
BATTERY,5,91.652311,50997963.686392,,
BATTERY,5,91.651399,50999916.686392,,
BATTERY,5,91.649492,51011756.089816,,
BATTERY,5,91.648592,51013516.089816,,
BATTERY,5,91.648565,51013684.686392,,
BATTERY,5,91.647654,51015637.686392,,
BATTERY,5,91.647428,51017038.089816,,
BATTERY,5,91.646529,51018798.089816,,
BATTERY,5,91.489048,51996260.699850,,
BATTERY,5,91.488137,51998213.699850,,
BATTERY,5,91.486111,52010786.503342,,
BATTERY,5,91.485212,52012546.503342,,
BATTERY,5,91.485036,52013635.503342,,
BATTERY,5,91.484125,52015588.503342,,
BATTERY,5,91.483687,52018308.503342,,
BATTERY,5,91.482787,52020068.503342,,
BATTERY,5,91.325322,52997437.713309,,
BATTERY,5,91.324411,52999390.713309,,
BATTERY,5,91.322679,53010136.916868,,
BATTERY,5,91.321780,53011896.916868,,
BATTERY,5,91.321604,53012985.916868,,
BATTERY,5,91.320693,53014938.916868,,
BATTERY,5,91.320358,53017018.916868,,
BATTERY,5,91.319458,53018778.916868,,
BATTERY,5,91.162008,53996054.726768,,
BATTERY,5,91.161097,53998007.726768,,
BATTERY,5,91.159351,54008847.330393,,
BATTERY,5,91.158451,54010607.330393,,
BATTERY,5,91.158276,54011696.330393,,
BATTERY,5,91.157364,54013649.330393,,
BATTERY,5,91.156823,54017009.330393,,
BATTERY,5,91.155923,54018769.330393,,
BATTERY,5,90.998592,54995311.740226,,
BATTERY,5,90.997680,54997264.740226,,
BATTERY,5,90.995816,55008837.743919,,
BATTERY,5,90.994916,55010597.743919,,
BATTERY,5,90.994895,55010726.743919,,
BATTERY,5,90.993984,55012679.743919,,
BATTERY,5,90.993597,55015079.743919,,
BATTERY,5,90.992698,55016839.743919,,
BATTERY,5,90.855446,55868746.000000,,
BATTERY,5,90.855446,55868746.000000,,
BATTERY,5,90.834917,55996168.753685,,
BATTERY,5,90.834005,55998121.753685,,
BATTERY,5,90.832177,56009468.157445,,
BATTERY,5,90.831278,56011228.157445,,
BATTERY,5,90.830948,56013277.157445,,
BATTERY,5,90.830036,56015230.157445,,
BATTERY,5,90.829547,56018270.157445,,
BATTERY,5,90.828647,56020030.157445,,
BATTERY,5,90.686049,56905119.000000,,
BATTERY,5,90.686049,56905119.000000,,
BATTERY,5,90.671603,56994785.767144,,
BATTERY,5,90.670692,56996738.767144,,
BATTERY,5,90.669003,57007218.570971,,
BATTERY,5,90.668104,57008978.570971,,
BATTERY,5,90.668064,57009226.767144,,
BATTERY,5,90.667152,57011179.767144,,
BATTERY,5,90.666527,57015060.570971,,
BATTERY,5,90.665627,57016820.570971,,
BATTERY,5,90.580732,57543760.000000,,
BATTERY,5,90.579761,57545841.000000,,
BATTERY,5,90.507292,57995642.780602,,
BATTERY,5,90.506381,57997595.780602,,
BATTERY,5,90.504781,58007528.984497,,
BATTERY,5,90.503881,58009288.984497,,
BATTERY,5,90.503860,58009417.984497,,
BATTERY,5,90.502949,58011370.984497,,
BATTERY,5,90.502769,58012490.984497,,
BATTERY,5,90.501869,58014250.984497,,
BATTERY,5,90.343927,58994579.794061,,
BATTERY,5,90.343016,58996532.794061,,
BATTERY,5,90.341194,59007839.398022,,
BATTERY,5,90.340295,59009599.398022,,
BATTERY,5,90.340171,59010368.398022,,
BATTERY,5,90.339259,59012321.398022,,
BATTERY,5,90.339130,59013121.398022,,
BATTERY,5,90.338231,59014881.398022,,
BATTERY,5,90.180613,59993196.807520,,
BATTERY,5,90.179702,59995149.807520,,
BATTERY,5,90.178123,60004949.811548,,
BATTERY,5,90.177224,60006709.811548,,
BATTERY,5,90.176919,60008597.807520,,
BATTERY,5,90.176008,60010550.807520,,
BATTERY,5,90.175802,60011831.811548,,
BATTERY,5,90.174902,60013591.811548,,
BATTERY,5,90.017196,60992453.820978,,
BATTERY,5,90.016285,60994406.820978,,
BATTERY,5,90.014330,61006540.225074,,
BATTERY,5,90.013431,61008300.225074,,
BATTERY,5,90.013101,61010349.225074,,
BATTERY,5,90.012189,61012302.225074,,
BATTERY,5,90.011957,61013742.225074,,
BATTERY,5,90.011058,61015502.225074,,
BATTERY,5,89.853419,61993950.834437,,
BATTERY,5,89.852507,61995903.834437,,
BATTERY,5,89.851208,62003970.638600,,
BATTERY,5,89.850308,62005730.638600,,
BATTERY,5,89.850086,62007111.834437,,
BATTERY,5,89.849174,62009064.834437,,
BATTERY,5,89.848680,62012132.638600,,
BATTERY,5,89.847780,62013892.638600,,
BATTERY,5,89.690208,62991927.847896,,
BATTERY,5,89.689297,62993880.847896,,
BATTERY,5,89.687827,63003001.052126,,
BATTERY,5,89.686928,63004761.052126,,
BATTERY,5,89.686462,63007648.847896,,
BATTERY,5,89.685551,63009601.847896,,
BATTERY,5,89.685299,63011163.052126,,
BATTERY,5,89.684400,63012923.052126,,
BATTERY,5,89.672716,63085446.000000,,
BATTERY,5,89.672716,63085446.000000,,
BATTERY,5,89.526791,63991184.861354,,
BATTERY,5,89.525880,63993137.861354,,
BATTERY,5,89.524395,64002351.465651,,
BATTERY,5,89.523496,64004111.465651,,
BATTERY,5,89.522788,64008505.861354,,
BATTERY,5,89.521876,64010458.861354,,
BATTERY,5,89.521764,64011153.465651,,
BATTERY,5,89.520865,64012913.465651,,
BATTERY,5,89.363065,64992361.874813,,
BATTERY,5,89.362153,64994314.874813,,
BATTERY,5,89.360602,65003941.879177,,
BATTERY,5,89.359703,65005701.879177,,
BATTERY,5,89.359319,65008082.874813,,
BATTERY,5,89.358408,65010035.874813,,
BATTERY,5,89.358023,65012423.879177,,
BATTERY,5,89.357124,65014183.879177,,
BATTERY,5,89.198668,65997698.888272,,
BATTERY,5,89.197757,65999651.888272,,
BATTERY,5,89.197274,66002652.292703,,
BATTERY,5,89.196374,66004412.292703,,
BATTERY,5,89.196057,66006379.888272,,
BATTERY,5,89.195146,66008332.888272,,
BATTERY,5,89.194746,66010814.292703,,
BATTERY,5,89.193846,66012574.292703,,
BATTERY,5,89.035540,66995163.901730,,
BATTERY,5,89.034629,66997116.901730,,
BATTERY,5,89.034099,67000402.706229,,
BATTERY,5,89.033200,67002162.706229,,
BATTERY,5,89.032743,67004996.901730,,
BATTERY,5,89.031832,67006949.901730,,
BATTERY,5,89.031211,67010804.706229,,
BATTERY,5,89.030311,67012564.706229,,
BATTERY,5,88.872659,67991092.915189,,
BATTERY,5,88.871748,67993045.915189,,
BATTERY,5,88.870667,67999753.119755,,
BATTERY,5,88.869768,68001513.119755,,
BATTERY,5,88.868965,68006493.915189,,
BATTERY,5,88.868054,68008446.915189,,
BATTERY,5,88.867521,68011755.119755,,
BATTERY,5,88.866621,68013515.119755,,
BATTERY,5,88.709191,68990669.928648,,
BATTERY,5,88.708280,68992622.928648,,
BATTERY,5,88.707029,69000383.533281,,
BATTERY,5,88.706130,69002143.533281,,
BATTERY,5,88.705614,69005345.533281,,
BATTERY,5,88.704714,69007105.533281,,
BATTERY,5,88.704642,69007554.533281,,
BATTERY,5,88.703731,69009507.533281,,
BATTERY,5,88.545258,69993126.942106,,
BATTERY,5,88.544347,69995079.942106,,
BATTERY,5,88.543649,69999413.946806,,
BATTERY,5,88.542749,70001173.946806,,
BATTERY,5,88.542235,70004367.942106,,
BATTERY,5,88.541323,70006320.942106,,
BATTERY,5,88.540760,70009815.946806,,
BATTERY,5,88.539861,70011575.946806,,
BATTERY,5,88.382460,70988543.955565,,
BATTERY,5,88.381549,70990496.955565,,
BATTERY,5,88.380320,70998124.360332,,
BATTERY,5,88.379420,70999884.360332,,
BATTERY,5,88.378560,71005224.955565,,
BATTERY,5,88.377649,71007177.955565,,
BATTERY,5,88.376070,71016974.360332,,
BATTERY,5,88.375171,71018734.360332,,
BATTERY,5,88.218425,71991640.969024,,
BATTERY,5,88.217513,71993593.969024,,
BATTERY,5,88.216682,71998754.773858,,
BATTERY,5,88.215782,72000514.773858,,
BATTERY,5,88.214957,72005636.773858,,
BATTERY,5,88.214057,72007396.773858,,
BATTERY,5,88.213882,72008485.773858,,
BATTERY,5,88.212971,72010438.773858,,
BATTERY,5,88.055523,72987697.982482,,
BATTERY,5,88.054612,72989650.982482,,
BATTERY,5,88.053250,72998105.187384,,
BATTERY,5,88.052350,72999865.187384,,
BATTERY,5,88.051680,73004027.187384,,
BATTERY,5,88.050780,73005787.187384,,
BATTERY,5,88.050598,73006916.204901,,
BATTERY,5,88.049687,73008869.204901,,
BATTERY,5,87.891849,73988554.995941,,
BATTERY,5,87.890937,73990507.995941,,
BATTERY,5,87.890076,73995855.600910,,
BATTERY,5,87.889176,73997615.600910,,
BATTERY,5,87.888196,74003697.600910,,
BATTERY,5,87.887297,74005457.600910,,
BATTERY,5,87.887276,74005586.600910,,
BATTERY,5,87.886365,74007539.600910,,
BATTERY,5,87.728690,74986212.009400,,
BATTERY,5,87.727778,74988165.009400,,
BATTERY,5,87.726541,74995846.014435,,
BATTERY,5,87.725641,74997606.014435,,
BATTERY,5,87.724816,75002728.014435,,
BATTERY,5,87.723916,75004488.014435,,
BATTERY,5,87.723283,75008417.000000,,
BATTERY,5,87.722372,75010370.000000,,
BATTERY,5,87.565221,75985789.022858,,
BATTERY,5,87.564310,75987742.022858,,
BATTERY,5,87.563006,75995836.427961,,
BATTERY,5,87.562106,75997596.427961,,
BATTERY,5,87.561281,76002718.427961,,
BATTERY,5,87.560381,76004478.427961,,
BATTERY,5,87.560262,76005217.000000,,
BATTERY,5,87.559351,76007170.000000,,
BATTERY,5,87.401443,76987286.036317,,
BATTERY,5,87.400532,76989239.036317,,
BATTERY,5,87.399780,76993906.841487,,
BATTERY,5,87.398880,76995666.841487,,
BATTERY,5,87.398007,77001087.036317,,
BATTERY,5,87.397096,77003040.036317,,
BATTERY,5,87.395602,77012308.841487,,
BATTERY,5,87.394703,77014068.841487,,
BATTERY,5,87.238181,77985583.049776,,
BATTERY,5,87.237270,77987536.049776,,
BATTERY,5,87.236245,77993897.255013,,
BATTERY,5,87.235345,77995657.255013,,
BATTERY,5,87.234417,78001419.255013,,
BATTERY,5,87.233517,78003179.255013,,
BATTERY,5,87.232793,78007672.205237,,
BATTERY,5,87.231882,78009625.205237,,
BATTERY,5,87.074558,78986120.063234,,
BATTERY,5,87.073646,78988073.063234,,
BATTERY,5,87.072607,78994527.668539,,
BATTERY,5,87.071707,78996287.668539,,
BATTERY,5,87.071036,79000449.668539,,
BATTERY,5,87.070137,79002209.668539,,
BATTERY,5,87.069322,79007266.668539,,
BATTERY,5,87.068411,79009219.668539,,
BATTERY,5,86.911089,79985697.076693,,
BATTERY,5,86.910178,79987650.076693,,
BATTERY,5,86.909278,79993238.082064,,
BATTERY,5,86.908378,79994998.082064,,
BATTERY,5,86.907605,79999800.082064,,
BATTERY,5,86.906705,80001560.082064,,
BATTERY,5,86.905705,80007769.082064,,
BATTERY,5,86.904793,80009722.082064,,
BATTERY,5,86.747518,80985914.090152,,
BATTERY,5,86.746606,80987867.090152,,
BATTERY,5,86.745691,80993548.495590,,
BATTERY,5,86.744792,80995308.495590,,
BATTERY,5,86.744327,80998190.495590,,
BATTERY,5,86.743428,80999950.495590,,
BATTERY,5,86.742685,81004559.495590,,
BATTERY,5,86.741774,81006512.495590,,
BATTERY,5,86.584101,81985171.103610,,
BATTERY,5,86.583190,81987124.103610,,
BATTERY,5,86.582465,81991618.909116,,
BATTERY,5,86.581566,81993378.909116,,
BATTERY,5,86.580998,81996900.909116,,
BATTERY,5,86.580099,81998660.909116,,
BATTERY,5,86.579923,81999749.909116,,
BATTERY,5,86.579012,82001702.909116,,
BATTERY,5,86.420942,82982828.117069,,
BATTERY,5,86.420030,82984781.117069,,
BATTERY,5,86.418879,82991929.322642,,
BATTERY,5,86.417979,82993689.322642,,
BATTERY,5,86.417412,82997211.322642,,
BATTERY,5,86.416512,82998971.322642,,
BATTERY,5,86.416285,83000380.322642,,
BATTERY,5,86.415374,83002333.322642,,
BATTERY,5,86.257164,83984325.130528,,
BATTERY,5,86.256253,83986278.130528,,
BATTERY,5,86.255601,83990319.736168,,
BATTERY,5,86.254702,83992079.736168,,
BATTERY,5,86.253980,83996561.736168,,
BATTERY,5,86.253080,83998321.736168,,
BATTERY,5,86.252956,83999090.736168,,
BATTERY,5,86.252045,84001043.736168,,
BATTERY,5,86.093953,84982302.143986,,
BATTERY,5,86.093042,84984255.143986,,
BATTERY,5,86.092170,84989670.149693,,
BATTERY,5,86.091270,84991430.149693,,
BATTERY,5,86.090393,84996872.149693,,
BATTERY,5,86.089494,84998632.149693,,
BATTERY,5,86.089421,84999081.149693,,
BATTERY,5,86.088510,85001034.149693,,
BATTERY,5,85.930279,85983159.157445,,
BATTERY,5,85.929367,85985112.157445,,
BATTERY,5,85.928583,85989980.563219,,
BATTERY,5,85.927683,85991740.563219,,
BATTERY,5,85.926910,85996542.563219,,
BATTERY,5,85.926010,85998302.563219,,
BATTERY,5,85.925938,85998751.563219,,
BATTERY,5,85.925026,86000704.563219,,
BATTERY,5,85.767068,86981136.170904,,
BATTERY,5,85.766157,86983089.170904,,
BATTERY,5,85.765357,86988050.976745,,
BATTERY,5,85.764458,86989810.976745,,
BATTERY,5,85.763478,86995892.976745,,
BATTERY,5,85.762578,86997652.976745,,
BATTERY,5,85.762196,87000021.976745,,
BATTERY,5,85.761285,87001974.976745,,
BATTERY,5,85.603599,87980713.184362,,
BATTERY,5,85.602688,87982666.184362,,
BATTERY,5,85.601667,87989001.390271,,
BATTERY,5,85.600768,87990761.390271,,
BATTERY,5,85.600252,87993963.390271,,
BATTERY,5,85.599352,87995723.390271,,
BATTERY,5,85.599083,87997394.184362,,
BATTERY,5,85.598172,87999347.184362,,
BATTERY,5,85.439873,88981890.197821,,
BATTERY,5,85.438962,88983843.197821,,
BATTERY,5,85.438596,88986111.803797,,
BATTERY,5,85.437697,88987871.803797,,
BATTERY,5,85.436665,88994273.803797,,
BATTERY,5,85.435766,88996033.803797,,
BATTERY,5,85.435487,88997762.803797,,
BATTERY,5,85.434576,88999715.803797,,
BATTERY,5,85.276302,89982107.211280,,
BATTERY,5,85.275390,89984060.211280,,
BATTERY,5,85.275010,89986422.217322,,
BATTERY,5,85.274110,89988182.217322,,
BATTERY,5,85.273543,89991704.217322,,
BATTERY,5,85.272643,89993464.217322,,
BATTERY,5,85.271476,90000708.211280,,
BATTERY,5,85.270565,90002661.211280,,
BATTERY,5,85.113194,90979444.224738,,
BATTERY,5,85.112283,90981397.224738,,
BATTERY,5,85.111629,90985452.630848,,
BATTERY,5,85.110730,90987212.630848,,
BATTERY,5,85.109905,90992334.630848,,
BATTERY,5,85.109005,90994094.630848,,
BATTERY,5,85.108626,90996445.224738,,
BATTERY,5,85.107715,90998398.224738,,
BATTERY,5,84.949365,91981261.238197,,
BATTERY,5,84.948453,91983214.238197,,
BATTERY,5,84.948249,91984483.044374,,
BATTERY,5,84.947349,91986243.044374,,
BATTERY,5,84.946627,91990725.044374,,
BATTERY,5,84.945728,91992485.044374,,
BATTERY,5,84.945209,91995702.238197,,
BATTERY,5,84.944298,91997655.238197,,
BATTERY,5,84.786206,92978918.251656,,
BATTERY,5,84.785294,92980871.251656,,
BATTERY,5,84.784765,92984153.457900,,
BATTERY,5,84.783866,92985913.457900,,
BATTERY,5,84.783195,92990075.457900,,
BATTERY,5,84.782296,92991835.457900,,
BATTERY,5,84.781689,92995599.251656,,
BATTERY,5,84.780778,92997552.251656,,
BATTERY,5,84.622634,93979135.265114,,
BATTERY,5,84.621723,93981088.265114,,
BATTERY,5,84.621179,93984463.871426,,
BATTERY,5,84.620279,93986223.871426,,
BATTERY,5,84.619815,93989105.871426,,
BATTERY,5,84.618915,93990865.871426,,
BATTERY,5,84.618324,93994536.265114,,
BATTERY,5,84.617413,93996489.265114,,
BATTERY,5,84.459269,94978072.278573,,
BATTERY,5,84.458357,94980025.278573,,
BATTERY,5,84.457953,94982534.284951,,
BATTERY,5,84.457054,94984294.284951,,
BATTERY,5,84.456177,94989736.284951,,
BATTERY,5,84.455277,94991496.284951,,
BATTERY,5,84.454701,94995073.278573,,
BATTERY,5,84.453789,94997026.278573,,
BATTERY,5,84.295852,95977329.292032,,
BATTERY,5,84.294940,95979282.292032,,
BATTERY,5,84.294573,95981564.698477,,
BATTERY,5,84.293673,95983324.698477,,
BATTERY,5,84.292590,95990046.698477,,
BATTERY,5,84.291691,95991806.698477,,
BATTERY,5,84.291490,95993050.292032,,
BATTERY,5,84.290579,95995003.292032,,
BATTERY,5,84.132332,96977226.305490,,
BATTERY,5,84.131420,96979179.305490,,
BATTERY,5,84.131038,96981555.112003,,
BATTERY,5,84.130138,96983315.112003,,
BATTERY,5,84.129364,96988117.112003,,
BATTERY,5,84.128465,96989877.112003,,
BATTERY,5,84.127094,96998387.305490,,
BATTERY,5,84.126182,97000340.305490,,
BATTERY,5,83.968812,97977123.318949,,
BATTERY,5,83.967900,97979076.318949,,
BATTERY,5,83.967399,97982185.525529,,
BATTERY,5,83.966500,97983945.525529,,
BATTERY,5,83.965932,97987467.525529,,
BATTERY,5,83.965033,97989227.525529,,
BATTERY,5,83.964347,97993484.318949,,
BATTERY,5,83.963436,97995437.318949,,
BATTERY,5,83.805446,98976060.332408,,
BATTERY,5,83.804535,98978013.332408,,
BATTERY,5,83.804071,98980895.939055,,
BATTERY,5,83.803171,98982655.939055,,
BATTERY,5,83.802604,98986177.939055,,
BATTERY,5,83.801704,98987937.939055,,
BATTERY,5,83.801085,98991781.332408,,
BATTERY,5,83.800173,98993734.332408,,
BATTERY,5,83.641823,99976597.345866,,
BATTERY,5,83.640912,99978550.345866,,
BATTERY,5,83.640793,99979286.352580,,
BATTERY,5,83.639894,99981046.352580,,
BATTERY,5,83.639223,99985208.352580,,
BATTERY,5,83.638324,99986968.352580,,
BATTERY,5,83.636946,99995518.345866,,
BATTERY,5,83.636035,99997471.345866,,
BATTERY,5,83.635732,99999352.671590,,
