#Type=Line
#Heading=Link_1_Throughput
#XLabel=Time (ms)
#Num_Y=1
#YLabel=Throughput (Mbps)
0,0,
8.769000,0.048352,
8.769000,0.096704,
8.769000,0.145056,
12.129000,0.137192,
15.137000,0.135826,
15.279000,0.162314,
17.808000,0.163073,
17.808000,0.186882,
17.808000,0.210692,
17.808000,0.234501,
17.808000,0.258311,
20.208000,0.247031,
20.337000,0.266313,
20.337000,0.287161,
22.737000,0.274091,
23.186000,0.287070,
23.186000,0.305357,
26.616000,0.281936,
26.616000,0.297866,
26.616000,0.313796,
31.697000,0.276872,
31.697000,0.290248,
31.697000,0.303625,
33.209000,0.302569,
33.209000,0.315336,
33.209000,0.328104,
34.866000,0.324672,
34.866000,0.336832,
37.075000,0.328200,
37.075000,0.339636,
37.075000,0.351072,
37.075000,0.362508,
37.075000,0.373945,
40.436000,0.352557,
43.605000,0.336659,
43.605000,0.346382,
43.605000,0.356106,
44.921000,0.355112,
44.921000,0.364551,
46.005000,0.364482,
47.585000,0.361290,
47.585000,0.370201,
47.585000,0.379111,
49.847000,0.370413,
49.847000,0.378919,
52.247000,0.369016,
54.201000,0.363536,
55.404000,0.363295,
55.404000,0.370948,
55.404000,0.378601,
55.404000,0.386254,
57.933000,0.376711,
57.933000,0.384030,
57.933000,0.391349,
61.102000,0.377991,
61.102000,0.384930,
61.422000,0.389828,
61.422000,0.396731,
61.422000,0.403634,
61.422000,0.410537,
66.907000,0.383218,
66.907000,0.389556,
66.907000,0.395893,
69.307000,0.387840,
75.518000,0.361556,
75.518000,0.367171,
75.518000,0.372785,
75.518000,0.378400,
75.518000,0.384014,
75.683000,0.388780,
78.047000,0.382436,
78.047000,0.387869,
78.047000,0.393301,
78.532000,0.396272,
78.532000,0.401671,
81.253000,0.393044,
86.342000,0.374789,
86.342000,0.379699,
86.342000,0.384610,
87.586000,0.383988,
87.586000,0.388829,
88.871000,0.387978,
92.680000,0.376608,
92.680000,0.381183,
92.680000,0.385757,
95.849000,0.377427,
95.849000,0.381851,
95.849000,0.386274,
95.849000,0.390698,
95.849000,0.395121,
107.682000,0.355640,
107.682000,0.359577,
111.357000,0.351518,
111.357000,0.355326,
111.540000,0.358544,
111.540000,0.362345,
111.540000,0.366147,
114.909000,0.359102,
114.909000,0.362791,
114.909000,0.366481,
118.398000,0.359263,
118.398000,0.362844,
118.398000,0.366425,
125.792000,0.348257,
125.792000,0.351628,
125.792000,0.354999,
125.792000,0.358369,
129.921000,0.350244,
129.921000,0.353507,
135.932000,0.340994,
135.932000,0.344113,
135.932000,0.347232,
152.494000,0.312301,
154.937000,0.310113,
154.937000,0.312850,
170.334000,0.287060,
170.334000,0.289549,
170.334000,0.292038,
170.334000,0.294527,
170.334000,0.297016,
184.044000,0.277195,
184.044000,0.279498,
184.044000,0.281802,
205.010000,0.255051,
205.010000,0.257119,
205.010000,0.259187,
208.457000,0.256935,
208.457000,0.258969,
208.457000,0.261003,
208.457000,0.263037,
222.460000,0.248386,
222.460000,0.250292,
244.527000,0.229439,
245.210000,0.230529,
245.210000,0.232258,
246.631000,0.232639,
246.631000,0.234358,
246.631000,0.236077,
257.206000,0.228020,
257.206000,0.229668,
257.206000,0.231317,
288.258000,0.207869,
288.258000,0.209340,
288.258000,0.210811,
317.931000,0.192469,
317.931000,0.193803,
317.931000,0.195137,
317.931000,0.196470,
317.931000,0.197804,
419.550000,0.150905,
419.550000,0.151915,
419.550000,0.152926,
446.635000,0.144601,
446.635000,0.145551,
446.635000,0.146500,
450.532000,0.146174,
450.532000,0.147115,
462.474000,0.144233,
462.474000,0.145150,
462.474000,0.146067,
462.474000,0.146983,
467.290000,0.146376,
467.290000,0.147283,
467.290000,0.148191,
471.076000,0.147900,
471.076000,0.148800,
471.076000,0.149700,
473.925000,0.149695,
473.925000,0.150589,
473.925000,0.151484,
473.925000,0.152379,
473.925000,0.153273,
497.290000,0.146924,
497.290000,0.147777,
536.709000,0.137713,
812.437000,0.091498,
812.437000,0.092019,
812.437000,0.092541,
835.374000,0.090508,
835.374000,0.091016,
853.167000,0.089614,
853.167000,0.090111,
853.167000,0.090608,
853.167000,0.091105,
881.686000,0.088639,
896.906000,0.087608,
896.906000,0.088081,
988.033000,0.080386,
988.033000,0.080815,
988.033000,0.081244,
988.033000,0.081673,
988.033000,0.082103,
999.974000,0.081546,
999.974000,0.081970,
999.974000,0.082394,
1004.128000,0.082715,
1005.088000,0.083296,
1008.896000,0.083640,
1011.262400,0.083832,
1015.746000,0.084116,
1020.409907,0.084115,
1021.705013,0.084392,
1023.563800,0.084622,
1024.106013,0.084960,
1027.434013,0.085097,
1027.434013,0.085510,
1027.434013,0.085923,
1034.072307,0.085750,
1035.186013,0.086037,
1046.315414,0.085496,
1052.557414,0.085362,
1058.213000,0.085306,
1058.213000,0.085707,
1058.213000,0.086107,
1069.554227,0.085561,
1071.960400,0.085735,
1688.308000,0.054687,
1688.308000,0.054938,
1688.308000,0.055189,
1705.879000,0.054869,
1708.101000,0.055046,
1708.101000,0.055294,
1708.101000,0.055542,
1708.101000,0.055791,
1708.101000,0.056039,
1719.584000,0.055911,
1719.584000,0.056158,
1719.584000,0.056404,
1719.584000,0.056651,
1723.073000,0.056782,
1723.073000,0.057028,
1723.073000,0.057274,
1791.202000,0.055333,
1791.202000,0.055569,
1791.202000,0.055806,
1937.565000,0.051809,
1937.565000,0.052028,
2004.448000,0.050623,
2005.408000,0.050930,
2009.216000,0.051164,
2011.355800,0.051305,
2013.537000,0.051444,
2013.877000,0.051646,
2013.877000,0.051856,
2015.958000,0.051997,
2020.642027,0.052071,
2023.430600,0.052193,
2024.177134,0.052367,
2033.772934,0.052313,
2036.683027,0.052430,
2044.385827,0.052425,
2046.737000,0.052571,
2046.737000,0.052779,
2046.737000,0.052986,
2050.947827,0.053068,
2068.201454,0.052815,
2071.733800,0.052914,
3004.448000,0.036708,
3004.768000,0.036925,
3008.256000,0.037103,
3010.809200,0.037202,
3013.664000,0.037387,
3016.705000,0.037479,
3019.259040,0.037577,
3020.264360,0.037695,
3022.649200,0.037795,
3022.657400,0.037924,
3032.513561,0.037930,
3035.620040,0.038021,
3045.336241,0.038028,
3051.578241,0.038079,
3068.128680,0.038001,
3072.467200,0.038075,
3126.849000,0.037548,
3126.849000,0.037684,
3126.849000,0.037820,
3167.968000,0.037462,
3167.968000,0.037596,
3167.968000,0.037730,
3167.968000,0.037864,
3167.968000,0.037998,
3389.267000,0.035642,
3389.267000,0.035767,
3389.267000,0.035892,
3427.230000,0.035618,
3427.230000,0.035742,
3427.230000,0.035866,
3427.230000,0.035989,
3448.417000,0.035891,
3448.417000,0.036014,
3541.526000,0.035187,
3541.526000,0.035307,
3541.526000,0.035427,
3613.966000,0.034834,
3613.966000,0.034951,
3613.966000,0.035068,
3846.370000,0.033060,
4003.808000,0.031926,
4004.768000,0.032084,
4008.896000,0.032216,
4010.262600,0.032303,
4012.897000,0.032380,
4018.626000,0.032499,
4019.476054,0.032589,
4020.604201,0.032678,
4022.751587,0.032758,
4026.357054,0.032826,
4033.174187,0.032867,
4035.197054,0.032948,
4044.046654,0.032973,
4050.928654,0.033014,
4055.422000,0.033082,
4055.422000,0.033186,
4067.735907,0.033182,
4073.520600,0.033231,
5003.168000,0.027189,
5003.488000,0.027320,
5006.976000,0.027434,
5009.716000,0.027497,
5013.556000,0.027554,
5018.518814,0.027605,
5019.693067,0.027677,
5022.071001,0.027742,
5023.607814,0.027865,
5026.328814,0.027928,
5031.914814,0.027975,
5034.774067,0.028037,
5042.757068,0.028070,
5048.679068,0.028115,
5069.263134,0.028078,
5071.374000,0.028144,
6003.808000,0.023884,
6004.768000,0.023990,
6009.536000,0.024082,
6011.089400,0.024141,
6012.897000,0.024199,
6015.249400,0.024254,
6017.670081,0.024310,
6017.806041,0.024374,
6020.017801,0.024430,
6022.255041,0.024532,
6030.655441,0.024563,
6033.711081,0.024615,
6043.067481,0.024642,
6048.029481,0.024686,
6066.950361,0.024674,
6069.867400,0.024727,
6174.838000,0.024375,
6174.838000,0.024444,
6174.838000,0.024512,
6231.335000,0.024358,
6231.335000,0.024426,
6231.335000,0.024494,
6561.377000,0.023327,
6561.377000,0.023391,
6561.377000,0.023456,
6568.225000,0.023496,
6568.225000,0.023561,
6705.380000,0.023142,
6849.331000,0.022718,
6849.331000,0.022779,
6849.331000,0.022841,
6849.331000,0.022903,
7004.128000,0.022492,
7004.448000,0.022586,
7009.856000,0.022663,
7010.862800,0.022716,
7014.177000,0.022761,
7018.222800,0.022803,
7020.204601,0.022853,
7020.895094,0.022906,
7024.133267,0.022952,
7028.582267,0.023032,
7030.356068,0.023082,
7033.928094,0.023126,
7042.737895,0.023152,
7048.339895,0.023190,
7068.157587,0.023180,
7070.728800,0.023227,
7128.342000,0.023099,
7128.342000,0.023158,
7128.342000,0.023218,
7128.342000,0.023277,
7128.342000,0.023337,
7973.815000,0.020915,
7973.815000,0.020969,
8004.448000,0.020971,
8005.408000,0.021052,
8010.176000,0.021122,
8010.316201,0.021171,
8012.577000,0.021214,
8017.986000,0.021282,
8018.744108,0.021329,
8021.031401,0.021372,
8021.196201,0.021420,
8025.148494,0.021459,
8029.736695,0.021495,
8032.865108,0.021536,
8040.488308,0.021564,
8047.050308,0.021595,
8066.804814,0.021591,
8072.934201,0.021623,
8240.486000,0.021235,
8240.486000,0.021286,
8240.486000,0.021338,
9003.488000,0.019603,
9005.408000,0.019673,
9006.976000,0.019743,
9009.449601,0.019781,
9014.304000,0.019844,
9016.947721,0.019882,
9017.361121,0.019924,
9019.668721,0.019963,
9020.578201,0.020004,
9029.117322,0.020029,
9033.722121,0.020062,
9039.838722,0.020092,
9048.000722,0.020117,
9066.732041,0.020118,
9070.467601,0.020153,
10003.488000,0.018340,
10004.448000,0.018405,
10008.256000,0.018464,
10009.543001,0.018501,
10014.146000,0.018559,
10015.978135,0.018594,
10016.874948,0.018632,
10018.845001,0.018667,
10028.817949,0.018688,
10031.699135,0.018721,
10041.109135,0.018743,
10045.431135,0.018774,
10066.339268,0.018774,
10072.801001,0.018801,
11003.808000,0.017270,
11004.448000,0.017330,
11007.616000,0.017385,
11009.636401,0.017417,
11015.106000,0.017469,
11015.235148,0.017504,
11017.762175,0.017536,
11019.671801,0.017569,
11021.796401,0.017601,
11027.878575,0.017627,
11030.636148,0.017658,
11038.859549,0.017680,
11047.021549,0.017703,
11064.986495,0.017709,
11067.134401,0.017741,
12005.088000,0.016410,
12005.408000,0.016465,
12008.449801,0.016494,
12008.896000,0.016548,
12012.897000,0.016576,
12015.452162,0.016605,
12015.769401,0.016637,
12017.618602,0.016667,
12018.170401,0.016699,
12028.539202,0.016717,
12030.533162,0.016747,
12038.529962,0.016768,
12046.371962,0.016790,
12065.873721,0.016795,
12068.187801,0.016824,
12530.421000,0.016238,
12530.421000,0.016271,
12530.421000,0.016305,
13003.488000,0.015763,
13004.448000,0.015813,
13008.688747,0.015838,
13012.063201,0.015864,
13014.736628,0.015891,
13016.629175,0.015919,
13017.165402,0.015948,
13025.999829,0.015967,
13031.070175,0.015991,
13037.880376,0.016013,
13045.722376,0.016033,
13064.840948,0.016040,
13070.521201,0.016063,
13405.572000,0.015693,
13405.572000,0.015725,
13531.004000,0.015610,
13531.004000,0.015642,
13885.368000,0.015273,
13885.368000,0.015304,
13885.368000,0.015334,
14004.128000,0.015252,
14004.128000,0.015299,
14007.936000,0.015342,
14009.596601,0.015368,
14014.466000,0.015410,
14015.886188,0.015437,
14016.392202,0.015464,
14016.583855,0.015492,
14026.980456,0.015508,
14030.327188,0.015533,
14037.230789,0.015553,
14044.432789,0.015573,
14065.728175,0.015577,
14068.054601,0.015602,
14156.426000,0.015535,
14156.426000,0.015565,
14156.426000,0.015595,
14280.260000,0.015489,
14280.260000,0.015519,
14280.260000,0.015549,
14280.260000,0.015578,
14280.260000,0.015608,
14618.840000,0.015276,
15003.808000,0.014928,
15005.088000,0.014971,
15009.216000,0.015011,
15009.370001,0.015037,
15012.250001,0.015060,
15015.463202,0.015083,
15016.191082,0.015108,
15017.859002,0.015133,
15019.232082,0.015158,
15024.321082,0.015197,
15024.441083,0.015223,
15029.904202,0.015243,
15037.861203,0.015261,
15043.463203,0.015282,
15063.095402,0.015288,
15065.908001,0.015311,
16003.808000,0.014455,
16005.088000,0.014495,
16007.223401,0.014518,
16008.576000,0.014558,
16011.617000,0.014580,
16013.440215,0.014603,
16015.746000,0.014642,
16017.405802,0.014665,
16019.747000,0.014687,
16024.781710,0.014707,
16026.862710,0.014730,
16029.481215,0.014752,
16036.891616,0.014769,
16042.173616,0.014789,
16063.342629,0.014794,
16066.321401,0.014816,
16100.516000,0.014810,
16100.516000,0.014837,
16100.516000,0.014863,
16150.025000,0.014844,
16150.025000,0.014870,
16150.025000,0.014896,
16150.025000,0.014923,
17003.168000,0.014213,
17004.448000,0.014251,
17007.316801,0.014272,
17008.896000,0.014309,
17011.297000,0.014330,
17013.396801,0.014352,
17015.992602,0.014372,
17016.706000,0.014411,
17020.845535,0.014430,
17022.937229,0.014452,
17025.442336,0.014472,
17029.378229,0.014492,
17036.882030,0.014509,
17041.204030,0.014528,
17063.909855,0.014532,
17069.934801,0.014550,
18003.488000,0.013832,
18005.088000,0.013868,
18008.050201,0.013887,
18011.570201,0.013906,
18015.104000,0.013940,
18016.179402,0.013961,
18018.592000,0.013996,
18023.474242,0.014014,
18024.225000,0.014035,
18029.275242,0.014053,
18031.670963,0.014073,
18035.912443,0.014091,
18040.874443,0.014109,
18063.197082,0.014114,
18067.148201,0.014132,
19003.488000,0.013471,
19003.808000,0.013506,
19007.183601,0.013524,
19007.616000,0.013558,
19010.383601,0.013577,
19013.131256,0.013596,
19013.217000,0.013616,
19015.726203,0.013635,
19018.306000,0.013668,
19022.619989,0.013686,
19028.852256,0.013702,
19034.622857,0.013718,
19040.864857,0.013734,
19061.844309,0.013740,
19064.681601,0.013758,
20003.808000,0.013145,
20003.808000,0.013179,
20006.957001,0.013196,
20009.125534,0.013214,
20012.416000,0.013245,
20014.313003,0.013264,
20016.228269,0.013282,
20017.184000,0.013315,
20020.897000,0.013332,
20023.264217,0.013350,
20028.429269,0.013366,
20033.013271,0.013382,
20038.935271,0.013398,
20063.051536,0.013401,
20066.055001,0.013419,
21004.128000,0.012851,
21004.448000,0.012883,
21006.730401,0.012900,
21009.409000,0.012917,
21011.965283,0.012934,
21014.819803,0.012951,
21015.777000,0.012969,
21022.324844,0.012984,
21028.646283,0.012998,
21032.043684,0.013015,
21039.885684,0.013029,
21061.058762,0.013034,
21065.508401,0.013050,
22004.768000,0.012523,
22005.088000,0.012553,
22008.256000,0.012581,
22009.409000,0.012599,
22011.937000,0.012615,
22014.366603,0.012631,
22014.422296,0.012649,
22016.072801,0.012678,
22020.425471,0.012694,
22024.746471,0.012709,
22026.303296,0.012726,
22032.354098,0.012740,
22039.556098,0.012754,
22060.665989,0.012759,
22064.641801,0.012775,
23003.488000,0.012282,
23005.088000,0.012310,
23007.616000,0.012338,
23008.129000,0.012355,
23011.759310,0.012370,
23012.408896,0.012386,
23013.913403,0.012403,
23014.489896,0.012419,
23020.446098,0.012433,
23020.697896,0.012462,
23027.800310,0.012475,
23031.384511,0.012490,
23037.306511,0.012504,
23061.873216,0.012508,
23064.095202,0.012523,
24004.128000,0.012061,
24004.128000,0.012088,
24007.616000,0.012114,
24008.449000,0.012130,
24011.016323,0.012145,
24011.860203,0.012161,
24012.656123,0.012177,
24016.785123,0.012202,
24019.506724,0.012217,
24026.257123,0.012230,
24031.054925,0.012244,
24037.616925,0.012257,
24061.480443,0.012261,
24064.188602,0.012276,
25003.168000,0.011842,
25004.448000,0.011868,
25007.424002,0.011882,
25008.576000,0.011908,
25009.633336,0.011923,
25011.407003,0.011938,
25011.937000,0.011953,
25014.658000,0.011968,
25018.887351,0.011981,
25026.634336,0.011993,
25031.045338,0.012007,
25036.327338,0.012020,
25061.407670,0.012024,
25066.202002,0.012037,
26003.488000,0.011629,
26004.768000,0.011654,
26007.936000,0.011678,
26008.129000,0.011693,
26010.017000,0.011707,
26010.810350,0.011722,
26010.953803,0.011737,
26014.146000,0.011761,
26017.947978,0.011774,
26021.308978,0.011788,
26026.531350,0.011800,
26028.795752,0.011814,
26037.277752,0.011826,
26050.108000,0.011836,
26050.108000,0.011852,
26050.108000,0.011869,
26059.414896,0.011879,
26065.015402,0.011892,
26485.279000,0.011719,
26485.279000,0.011735,
26485.279000,0.011751,
26485.279000,0.011767,
26901.179000,0.011601,
26901.179000,0.011617,
26901.179000,0.011633,
27004.768000,0.011612,
27005.408000,0.011637,
27008.602321,0.011650,
27012.090802,0.011663,
27013.380604,0.011677,
27016.097000,0.011690,
27018.608605,0.011704,
27021.715363,0.011717,
27024.188363,0.011730,
27030.386165,0.011742,
27036.628165,0.011754,
27060.302123,0.011758,
27064.468802,0.011771,
27285.558000,0.011691,
27285.558000,0.011706,
27285.558000,0.011722,
27285.558000,0.011737,
27285.558000,0.011753,
28003.168000,0.011476,
28004.448000,0.011499,
28006.196148,0.011512,
28008.129000,0.011525,
28010.765030,0.011538,
28011.647404,0.011552,
28014.444377,0.011565,
28017.485377,0.011577,
28018.629232,0.011591,
28025.685377,0.011602,
28029.096579,0.011615,
28035.338579,0.011626,
28059.589350,0.011630,
28064.882202,0.011642,
28486.324000,0.011484,
28486.324000,0.011499,
28631.687000,0.011456,
28631.687000,0.011470,
28631.687000,0.011485,
28644.861000,0.011495,
28644.861000,0.011509,
29004.128000,0.011390,
29005.408000,0.011412,
29006.669975,0.011425,
29009.541390,0.011438,
29010.372257,0.011451,
29010.874204,0.011464,
29013.093257,0.011477,
29016.409859,0.011489,
29023.342390,0.011500,
29027.166992,0.011512,
29035.008992,0.011522,
29059.836577,0.011526,
29064.655602,0.011537,
30003.488000,0.011198,
30004.768000,0.011220,
30007.198404,0.011232,
30007.296000,0.011254,
30009.729000,0.011266,
30012.021004,0.011279,
30012.897000,0.011291,
30017.390486,0.011303,
30018.626000,0.011324,
30024.199404,0.011335,
30027.477406,0.011347,
30034.039406,0.011358,
30057.843803,0.011362,
30064.429002,0.011372,
30170.682000,0.011346,
30170.682000,0.011360,
30170.682000,0.011374,
31003.808000,0.011090,
31004.448000,0.011111,
31007.617628,0.011123,
31010.927804,0.011134,
31011.776000,0.011156,
31015.491112,0.011167,
31016.864000,0.011188,
31018.615417,0.011200,
31019.905000,0.011212,
31023.136417,0.011223,
31025.867819,0.011235,
31031.789819,0.011246,
31057.451030,0.011249,
31063.882402,0.011259,
31362.896000,0.011165,
32005.088000,0.010962,
32005.408000,0.010983,
32007.757802,0.010994,
32009.834604,0.011006,
32012.752431,0.011017,
32014.551739,0.011028,
32016.449000,0.011040,
32016.632739,0.011052,
32021.753431,0.011063,
32025.538233,0.011074,
32031.460233,0.011084,
32058.658257,0.011087,
32063.655802,0.011097,
33003.488000,0.010801,
33004.768000,0.010821,
33005.929444,0.010832,
33006.965282,0.010844,
33011.617000,0.010854,
33014.497000,0.010865,
33019.372366,0.010876,
33021.650444,0.010887,
33024.888646,0.010897,
33032.730646,0.010907,
33056.665484,0.010911,
33061.829202,0.010921,
34004.128000,0.010638,
34004.448000,0.010657,
34006.344602,0.010668,
34008.769000,0.010679,
34009.248205,0.010690,
34011.810000,0.010701,
34012.672993,0.010712,
34016.161993,0.010731,
34020.289993,0.010749,
34021.227458,0.010760,
34024.239060,0.010771,
34031.121060,0.010780,
34056.272711,0.010784,
34063.202602,0.010793,
35003.168000,0.010522,
35005.088000,0.010540,
35005.723471,0.010551,
35005.992935,0.010563,
35007.515005,0.010573,
35008.713935,0.010584,
35010.689000,0.010595,
35012.873935,0.010605,
35013.653620,0.010616,
35022.084471,0.010625,
35025.189473,0.010635,
35029.831473,0.010645,
35056.199937,0.010648,
35062.976002,0.010657,
36004.448000,0.010397,
36004.448000,0.010415,
36006.741805,0.010426,
36006.786762,0.010436,
36007.220485,0.010447,
36009.621485,0.010457,
36011.009000,0.010468,
36013.674247,0.010478,
36015.171402,0.010488,
36019.300402,0.010506,
36020.381485,0.010516,
36023.579887,0.010526,
36024.388402,0.010544,
36030.781887,0.010553,
36055.807164,0.010557,
36062.749402,0.010566,
37003.424802,0.010308,
37004.128000,0.010326,
37005.980588,0.010336,
37011.329000,0.010345,
37011.969000,0.010355,
37014.014873,0.010365,
37018.445498,0.010375,
37018.448605,0.010385,
37018.783873,0.010403,
37022.129605,0.010413,
37023.871873,0.010430,
37031.890300,0.010438,
37035.251300,0.010448,
37055.414391,0.010453,
37061.882802,0.010462,
38002.238203,0.010213,
38004.768000,0.010230,
38005.408000,0.010247,
38007.654511,0.010257,
38008.215415,0.010267,
38008.395405,0.010277,
38010.515500,0.010287,
38010.796405,0.010297,
38020.495511,0.010305,
38022.920714,0.010315,
38028.202714,0.010323,
38055.661618,0.010326,
38061.016203,0.010335,
39002.011603,0.010096,
39003.488000,0.010113,
39004.251603,0.010122,
39005.702205,0.010132,
39006.332603,0.010142,
39008.191525,0.010152,
39009.053603,0.010161,
39011.496127,0.010171,
39012.711205,0.010187,
39020.072525,0.010196,
39022.591128,0.010205,
39028.513128,0.010213,
39055.268845,0.010216,
39061.749603,0.010225,
40003.065003,0.009994,
40003.168000,0.010011,
40005.249000,0.010020,
40006.209005,0.010029,
40008.930005,0.010039,
40009.596754,0.010048,
40013.379000,0.010064,
40014.365754,0.010080,
40017.944538,0.010089,
40019.453754,0.010105,
40020.985538,0.010115,
40023.221541,0.010124,
40026.583541,0.010133,
40055.196071,0.010135,
40061.203003,0.010144,
41002.838403,0.009920,
41003.808000,0.009936,
41005.435806,0.009945,
41005.526403,0.009955,
41008.945552,0.009964,
41009.155895,0.009973,
41009.937381,0.009983,
41012.658381,0.009991,
41013.815403,0.010007,
41018.906552,0.010016,
41022.891955,0.010024,
41025.933955,0.010033,
41055.123298,0.010035,
41061.616403,0.010043,
42001.651803,0.009828,
42004.768000,0.009843,
42005.780803,0.009859,
42008.852803,0.009867,
42012.362565,0.009876,
42013.942606,0.009885,
42017.523565,0.009893,
42023.202368,0.009901,
42027.523368,0.009910,
42053.450525,0.009913,
42061.389803,0.009920,
43001.699579,0.009712,
43002.953432,0.009721,
43004.529406,0.009730,
43007.185203,0.009738,
43009.888000,0.009753,
43012.043432,0.009768,
43012.929000,0.009777,
43017.100579,0.009785,
43023.512782,0.009793,
43026.873782,0.009801,
43054.337752,0.009804,
43060.203203,0.009812,
44000.878603,0.009611,
44003.488000,0.009626,
44004.206603,0.009634,
44004.396206,0.009643,
44007.119261,0.009652,
44008.845206,0.009666,
44009.200261,0.009675,
44012.561261,0.009683,
44014.076592,0.009692,
44018.277592,0.009700,
44023.823195,0.009707,
44027.824195,0.009715,
44053.944978,0.009719,
44060.616603,0.009726,
45001.932003,0.009531,
45002.983006,0.009540,
45004.128000,0.009554,
45004.331202,0.009563,
45007.052202,0.009571,
45009.228003,0.009585,
45009.453202,0.009594,
45010.773606,0.009603,
45016.453609,0.009610,
45020.774609,0.009618,
45024.615609,0.009626,
45052.912205,0.009628,
45060.710003,0.009635,
46000.750619,0.009447,
46002.415112,0.009455,
46002.529806,0.009464,
46004.496112,0.009472,
46010.528000,0.009485,
46010.659806,0.009499,
46014.656000,0.009513,
46016.124022,0.009521,
46018.525022,0.009529,
46019.104000,0.009544,
46019.140806,0.009552,
46023.646022,0.009560,
46051.239432,0.009562,
46060.163403,0.009569,
47000.838803,0.009386,
47001.436606,0.009394,
47003.517606,0.009402,
47003.808000,0.009416,
47005.278856,0.009424,
47007.679856,0.009432,
47008.647633,0.009440,
47011.649000,0.009448,
47015.154436,0.009456,
47018.835436,0.009463,
47021.716436,0.009471,
47052.766659,0.009473,
47060.256803,0.009480,
48000.932203,0.009302,
48002.269566,0.009310,
48003.424646,0.009318,
48004.350566,0.009326,
48007.968000,0.009339,
48010.073406,0.009347,
48012.929000,0.009354,
48016.256000,0.009368,
48016.265646,0.009376,
48019.744000,0.009389,
48022.986849,0.009397,
48050.453886,0.009399,
48058.430203,0.009406,
49000.705603,0.009233,
49002.516792,0.009241,
49003.641659,0.009248,
49003.730207,0.009256,
49004.917792,0.009264,
49009.248000,0.009277,
49010.900207,0.009285,
49012.289000,0.009292,
49013.855263,0.009300,
49017.216263,0.009307,
49020.097263,0.009315,
49051.021112,0.009317,
49058.203603,0.009324,
50000.077007,0.009156,
50000.978673,0.009164,
50002.444019,0.009171,
50003.699673,0.009179,
50006.606019,0.009186,
50008.846019,0.009193,
50014.165676,0.009200,
50016.566676,0.009208,
50019.447676,0.009215,
50050.948339,0.009217,
50058.617003,0.009223,
50913.055000,0.009077,
50913.055000,0.009085,
50999.932403,0.009078,
51000.903807,0.009085,
51003.168000,0.009098,
51003.654163,0.009105,
51007.015163,0.009112,
51008.393807,0.009125,
51010.696163,0.009132,
51013.516090,0.009140,
51015.636686,0.009147,
51018.798090,0.009154,
51050.555566,0.009156,
51059.350403,0.009162,
51998.212700,0.009004,
51999.170607,0.009012,
52000.506473,0.009019,
52001.571607,0.009026,
52004.404276,0.009033,
52004.507473,0.009041,
52009.916473,0.009053,
52010.853700,0.009060,
52012.546503,0.009067,
52015.587503,0.009074,
52020.068503,0.009081,
52048.882793,0.009083,
52058.483803,0.009089,
52998.717407,0.008935,
52999.479204,0.008943,
53002.184903,0.008950,
53002.840204,0.008957,
53006.682816,0.008964,
53008.249204,0.008976,
53011.896917,0.008983,
53014.937917,0.008990,
53018.778917,0.008996,
53050.090020,0.008998,
53058.577204,0.009004,
53998.006727,0.008855,
53998.952926,0.008862,
53999.864207,0.008869,
54001.565530,0.008876,
54002.953926,0.008883,
54005.075643,0.008890,
54005.374530,0.008902,
54010.607330,0.008909,
54013.648330,0.008916,
54018.769330,0.008922,
54047.777246,0.008924,
54058.030604,0.008930,
54997.263740,0.008785,
54999.200153,0.008791,
54999.411007,0.008798,
55002.452007,0.008805,
55004.466157,0.008812,
55008.501007,0.008823,
55009.875157,0.008835,
55010.597744,0.008842,
55012.678744,0.008849,
55014.963157,0.008861,
55016.839744,0.008868,
55017.712740,0.008875,
55024.211157,0.008886,
55048.664473,0.008889,
55058.124004,0.008894,
55868.746000,0.008773,
55868.746000,0.008780,
55868.746000,0.008788,
55868.746000,0.008796,
55997.847380,0.008782,
55998.120754,0.008789,
55998.159404,0.008796,
56000.006784,0.008803,
56000.557808,0.008810,
56000.880404,0.008817,
56004.046808,0.008828,
56005.649404,0.008840,
56011.228157,0.008846,
56015.229157,0.008852,
56020.030157,0.008859,
56048.271700,0.008861,
56058.217404,0.008866,
56905.119000,0.008742,
56905.119000,0.008749,
56996.737767,0.008742,
56997.224608,0.008749,
56999.387410,0.008756,
56999.945608,0.008762,
57002.108410,0.008769,
57003.488000,0.008780,
57005.536000,0.008792,
57008.978571,0.008798,
57011.178767,0.008805,
57015.499767,0.008811,
57016.820571,0.008817,
57047.238927,0.008820,
57056.390804,0.008825,
57545.840000,0.008757,
57545.840000,0.008765,
57545.840000,0.008772,
57997.091408,0.008711,
57997.594781,0.008717,
57999.301833,0.008724,
58001.275781,0.008730,
58005.088000,0.008741,
58006.044781,0.008752,
58008.576000,0.008764,
58009.288984,0.008770,
58011.369984,0.008777,
58012.384000,0.008788,
58014.250984,0.008794,
58048.446153,0.008796,
58057.124204,0.008801,
58996.318208,0.008668,
58996.531794,0.008675,
58998.612794,0.008681,
58999.108664,0.008687,
59001.789060,0.008694,
59001.812794,0.008700,
59005.941794,0.008711,
59006.688000,0.008722,
59009.599398,0.008728,
59012.320398,0.008735,
59014.881398,0.008741,
59047.733380,0.008743,
59055.617604,0.008748,
59270.996000,0.008723,
59270.996000,0.008731,
59270.996000,0.008738,
59995.148808,0.008639,
59996.505008,0.008645,
59996.569291,0.008652,
59999.493004,0.008658,
60001.850291,0.008664,
60004.448000,0.008675,
60006.709812,0.008681,
60008.288000,0.008692,
60010.549808,0.008698,
60013.591812,0.008704,
60046.700607,0.008706,
60056.671004,0.008711,
60994.405821,0.008583,
60995.091808,0.008590,
60996.909918,0.008596,
60997.492808,0.008602,
60999.906404,0.008608,
61003.808000,0.008619,
61004.128000,0.008629,
61006.953430,0.008635,
61008.300225,0.008642,
61012.301225,0.008648,
61015.502225,0.008654,
61046.627834,0.008656,
61056.444404,0.008661,
61454.669000,0.008611,
61995.810741,0.008543,
61995.902834,0.008549,
61995.918608,0.008555,
61999.263834,0.008561,
62002.466256,0.008567,
62005.408000,0.008577,
62005.730639,0.008583,
62007.568608,0.008594,
62009.063834,0.008600,
62009.536000,0.008611,
62013.664000,0.008621,
62013.892639,0.008627,
62045.595061,0.008629,
62054.937804,0.008634,
62860.624000,0.008530,
62860.624000,0.008537,
62860.624000,0.008544,
62928.373000,0.008541,
62928.373000,0.008548,
62928.373000,0.008555,
62993.879848,0.008552,
62995.417967,0.008558,
62996.105408,0.008564,
62997.853204,0.008570,
63001.111172,0.008576,
63002.174204,0.008582,
63004.761052,0.008588,
63006.520172,0.008598,
63007.069083,0.008609,
63009.600848,0.008614,
63010.008172,0.008625,
63012.923052,0.008631,
63015.096172,0.008641,
63046.482287,0.008643,
63055.671204,0.008648,
63085.446000,0.008650,
63085.446000,0.008657,
63085.446000,0.008664,
63085.446000,0.008671,
63085.446000,0.008677,
63993.136861,0.008560,
63994.091798,0.008566,
63994.372209,0.008573,
63996.172798,0.008578,
63996.453209,0.008584,
64002.133910,0.008590,
64004.111466,0.008596,
64004.128000,0.008606,
64010.457861,0.008611,
64012.538861,0.008617,
64012.913466,0.008623,
64044.489514,0.008625,
64056.084604,0.008630,
64994.313875,0.008511,
64994.559009,0.008517,
64994.752425,0.008523,
64996.960009,0.008529,
64998.433425,0.008535,
65000.514425,0.008540,
65004.768000,0.008550,
65005.088000,0.008560,
65005.701879,0.008566,
65009.536000,0.008576,
65010.034875,0.008582,
65013.664000,0.008592,
65014.183879,0.008598,
65015.955875,0.008603,
65044.096741,0.008606,
65054.258004,0.008610,
65993.145809,0.008494,
65993.493052,0.008500,
65997.173404,0.008505,
65997.174052,0.008511,
65999.650888,0.008517,
66002.121563,0.008522,
66004.412293,0.008528,
66005.408000,0.008538,
66007.382404,0.008548,
66008.331888,0.008554,
66010.816000,0.008563,
66012.574293,0.008569,
66015.904000,0.008579,
66045.303968,0.008581,
66055.951404,0.008585,
66992.692609,0.008471,
66993.193679,0.008477,
66996.554679,0.008482,
66996.946804,0.008488,
66997.115902,0.008494,
67000.675390,0.008499,
67002.162706,0.008505,
67004.448000,0.008515,
67005.408000,0.008524,
67006.948902,0.008530,
67009.856000,0.008540,
67012.564706,0.008545,
67013.664000,0.008555,
67044.911194,0.008557,
67054.124804,0.008561,
67992.574306,0.008449,
67993.044915,0.008455,
67993.519409,0.008460,
67995.765915,0.008466,
67997.520409,0.008471,
68001.149217,0.008477,
68001.513120,0.008483,
68004.768000,0.008492,
68005.408000,0.008502,
68008.445915,0.008507,
68008.896000,0.008517,
68010.977000,0.008522,
68013.515120,0.008528,
68016.864000,0.008537,
68043.558421,0.008539,
68055.498205,0.008544,
68991.954933,0.008433,
68992.621929,0.008439,
68992.746209,0.008445,
68995.853605,0.008450,
68995.982929,0.008456,
68999.373605,0.008461,
69002.143533,0.008466,
69003.808000,0.008476,
69004.768000,0.008485,
69007.105533,0.008490,
69009.506533,0.008496,
69042.525648,0.008497,
69053.991605,0.008502,
69990.693009,0.008394,
69990.695560,0.008399,
69994.376560,0.008404,
69995.078942,0.008410,
69998.439942,0.008415,
70000.816870,0.008420,
70001.173947,0.008426,
70003.488000,0.008435,
70004.587005,0.008441,
70006.319942,0.008446,
70010.448942,0.008455,
70011.575947,0.008460,
70042.772875,0.008462,
70054.085005,0.008466,
70990.495956,0.008360,
70991.676186,0.008366,
70991.839810,0.008371,
70995.080405,0.008376,
70999.690697,0.008381,
70999.884360,0.008387,
71002.760405,0.008392,
71005.088000,0.008401,
71006.569405,0.008410,
71007.169000,0.008416,
71007.176956,0.008421,
71010.665956,0.008430,
71016.073956,0.008439,
71018.734360,0.008444,
71041.740102,0.008447,
71054.178405,0.008451,
71990.416813,0.008346,
71991.066610,0.008352,
71993.592969,0.008357,
71994.737813,0.008362,
71996.453805,0.008368,
71998.534805,0.008373,
72000.514774,0.008378,
72003.488000,0.008387,
72004.448000,0.008396,
72007.396774,0.008401,
72008.256000,0.008410,
72010.437774,0.008415,
72011.297000,0.008421,
72016.066000,0.008429,
72042.627328,0.008432,
72052.991805,0.008436,
72989.649982,0.008333,
72989.797440,0.008338,
72991.253410,0.008344,
72993.158440,0.008349,
72994.307205,0.008354,
72999.038350,0.008359,
72999.865187,0.008364,
73003.808000,0.008373,
73004.448000,0.008382,
73005.787187,0.008387,
73006.147205,0.008392,
73008.868205,0.008397,
73040.314555,0.008399,
73053.725205,0.008403,
73990.138067,0.008302,
73990.506996,0.008307,
73991.120210,0.008312,
73994.187996,0.008317,
73995.040605,0.008323,
73997.615601,0.008328,
73998.880605,0.008333,
74003.488000,0.008341,
74003.808000,0.008350,
74005.457601,0.008355,
74005.592177,0.008360,
74007.538601,0.008366,
74011.776000,0.008374,
74016.864000,0.008382,
74041.841782,0.008385,
74054.458605,0.008389,
74988.164009,0.008290,
74989.198694,0.008295,
74989.387010,0.008300,
74993.519694,0.008305,
74995.134005,0.008310,
74997.606014,0.008315,
74998.706004,0.008320,
75004.488014,0.008324,
75004.768000,0.008333,
75005.408000,0.008342,
75007.614005,0.008347,
75010.369000,0.008352,
75012.096000,0.008360,
75015.584000,0.008369,
75040.489009,0.008371,
75052.632005,0.008375,
75987.619321,0.008277,
75987.741023,0.008282,
75990.213810,0.008287,
75991.911916,0.008292,
75994.907405,0.008297,
75997.467405,0.008302,
75997.596428,0.008307,
76001.419830,0.008312,
76004.478428,0.008317,
76005.088000,0.008325,
76005.408000,0.008334,
76007.169000,0.008339,
76008.896000,0.008348,
76012.704000,0.008356,
76040.416236,0.008358,
76054.005405,0.008362,
76986.679947,0.008266,
76989.238036,0.008270,
76989.440610,0.008275,
76993.720805,0.008280,
76995.666841,0.008285,
76996.280805,0.008290,
76999.973657,0.008295,
77002.719142,0.008299,
77003.039036,0.008305,
77007.008000,0.008313,
77008.608000,0.008321,
77014.016000,0.008329,
77014.068841,0.008334,
77019.104000,0.008342,
77039.703462,0.008345,
77051.538805,0.008349,
77987.340574,0.008254,
77987.535050,0.008259,
77988.347410,0.008264,
77989.616050,0.008269,
77994.454205,0.008273,
77995.657255,0.008278,
77999.167484,0.008283,
78003.179255,0.008287,
78005.408000,0.008296,
78005.943205,0.008304,
78009.624205,0.008309,
78010.496000,0.008317,
78015.584000,0.008325,
78040.270689,0.008327,
78053.232205,0.008331,
78986.081201,0.008238,
78987.894211,0.008242,
78988.072063,0.008247,
78991.053596,0.008252,
78994.867605,0.008257,
78996.287669,0.008261,
78999.321311,0.008266,
79002.209669,0.008271,
79003.168000,0.008279,
79005.408000,0.008287,
79007.616000,0.008295,
79009.218669,0.008300,
79011.744000,0.008308,
79037.957916,0.008311,
79053.325605,0.008314,
79984.181828,0.008222,
79987.649077,0.008227,
79988.081011,0.008231,
79990.980823,0.008236,
79994.321005,0.008241,
79994.998082,0.008245,
79997.521005,0.008250,
80001.560082,0.008255,
80003.315137,0.008259,
80005.408000,0.008267,
80009.721082,0.008272,
80037.885143,0.008274,
80050.859005,0.008277,
80983.882455,0.008187,
80986.027811,0.008191,
80987.866090,0.008196,
80989.308049,0.008201,
80993.134405,0.008205,
80995.308496,0.008210,
80997.422405,0.008214,
80999.950496,0.008219,
81002.508964,0.008224,
81005.088000,0.008232,
81006.511496,0.008236,
81037.812369,0.008238,
81052.232405,0.008241,
81984.543082,0.008152,
81987.123104,0.008157,
81987.174611,0.008162,
81992.435276,0.008166,
81992.587806,0.008171,
81993.378909,0.008175,
81997.835806,0.008180,
81998.660909,0.008184,
82001.701909,0.008189,
82003.168000,0.008197,
82005.408000,0.008205,
82007.296000,0.008213,
82010.464000,0.008220,
82039.019596,0.008222,
82050.725806,0.008226,
82983.923709,0.008138,
82984.780117,0.008143,
82985.761411,0.008147,
82989.162503,0.008152,
82992.041206,0.008156,
82993.689323,0.008161,
82994.729206,0.008165,
82998.016617,0.008170,
82998.971323,0.008174,
83002.332323,0.008179,
83003.488000,0.008187,
83007.616000,0.008194,
83012.064000,0.008202,
83037.986823,0.008204,
83052.419206,0.008207,
83983.944335,0.008121,
83984.988211,0.008126,
83986.277131,0.008130,
83987.809730,0.008135,
83992.079736,0.008139,
83992.774606,0.008143,
83998.321736,0.008148,
83998.490444,0.008152,
84001.042736,0.008157,
84004.768000,0.008164,
84005.408000,0.008172,
84009.856000,0.008180,
84013.664000,0.008187,
84036.314050,0.008190,
84052.192606,0.008193,
84983.324962,0.008107,
84984.254144,0.008112,
84986.135011,0.008116,
84987.736957,0.008121,
84991.430150,0.008125,
84992.548006,0.008130,
84995.108006,0.008134,
84997.684271,0.008138,
84998.632150,0.008143,
85001.033150,0.008147,
85004.768000,0.008155,
85006.368000,0.008162,
85010.496000,0.008170,
85014.624000,0.008177,
85035.921277,0.008180,
85050.366006,0.008183,
85980.465589,0.008099,
85983.761812,0.008103,
85985.111157,0.008108,
85987.344183,0.008112,
85991.740563,0.008116,
85992.321406,0.008121,
85998.302563,0.008125,
85998.478098,0.008129,
86000.703563,0.008134,
86005.088000,0.008141,
86005.088000,0.008149,
86008.896000,0.008156,
86012.704000,0.008163,
86036.488503,0.008166,
86050.459406,0.008169,
86980.806216,0.008086,
86983.088171,0.008090,
86985.228612,0.008095,
86985.991410,0.008099,
86989.810977,0.008103,
86991.774806,0.008108,
86995.742806,0.008112,
86997.652977,0.008116,
87001.973977,0.008120,
87003.488000,0.008128,
87006.688000,0.008135,
87007.616000,0.008142,
87013.024000,0.008150,
87036.095730,0.008152,
87049.912806,0.008155,
87979.546843,0.008073,
87982.665184,0.008078,
87982.855412,0.008082,
87986.558637,0.008086,
87990.761390,0.008090,
87990.908206,0.008095,
87995.723390,0.008099,
87996.796206,0.008103,
87999.346184,0.008107,
88003.168000,0.008114,
88003.808000,0.008122,
88006.976000,0.008129,
88011.744000,0.008136,
88036.022957,0.008138,
88051.286206,0.008142,
88980.207470,0.008061,
88982.082212,0.008065,
88983.842198,0.008069,
88986.165864,0.008074,
88987.871804,0.008078,
88991.321606,0.008082,
88996.033804,0.008086,
88996.699578,0.008090,
88999.714804,0.008094,
89004.441606,0.008098,
89005.408000,0.008106,
89008.890606,0.008113,
89010.496000,0.008120,
89015.584000,0.008127,
89034.670184,0.008130,
89049.139606,0.008133,
89978.948097,0.008053,
89982.589012,0.008057,
89984.059211,0.008062,
89986.413090,0.008066,
89988.182217,0.008070,
89991.735006,0.008074,
89993.464217,0.008078,
89995.893404,0.008082,
89997.815006,0.008086,
90002.660211,0.008090,
90003.808000,0.008098,
90005.088000,0.008105,
90034.277410,0.008107,
90049.233006,0.008110,
90978.328723,0.008031,
90981.175812,0.008035,
90981.396225,0.008039,
90985.380317,0.008043,
90987.212631,0.008048,
90991.188406,0.008052,
90994.094631,0.008056,
90995.028406,0.008060,
90997.967231,0.008064,
90998.397225,0.008068,
91004.768000,0.008075,
91005.088000,0.008082,
91009.216000,0.008089,
91013.664000,0.008096,
91033.564637,0.008098,
91050.606406,0.008101,
91978.669350,0.008024,
91982.642612,0.008028,
91983.213238,0.008032,
91985.307544,0.008036,
91986.243044,0.008040,
91990.321806,0.008044,
91992.485044,0.008048,
91992.881806,0.008052,
91996.201058,0.008056,
91997.654238,0.008060,
92003.488000,0.008067,
92004.768000,0.008074,
92008.896000,0.008081,
92013.024000,0.008088,
92033.171864,0.008090,
92050.379806,0.008093,
92977.089977,0.008017,
92980.870252,0.008021,
92982.509412,0.008025,
92983.314771,0.008029,
92985.913458,0.008033,
92989.775206,0.008037,
92991.835458,0.008041,
92995.023206,0.008045,
92997.551252,0.008049,
93001.154885,0.008053,
93005.088000,0.008059,
93010.496000,0.008066,
93015.264000,0.008073,
93032.459091,0.008076,
93049.193206,0.008078,
93976.150604,0.008003,
93981.087265,0.008007,
93981.736213,0.008011,
93984.841998,0.008015,
93986.223871,0.008019,
93990.865871,0.008022,
93991.148606,0.008027,
93996.488265,0.008030,
93997.468711,0.008034,
94003.808000,0.008041,
94005.408000,0.008048,
94011.456000,0.008054,
94017.824000,0.008061,
94034.306318,0.008064,
94049.286606,0.008066,
94977.131231,0.007992,
94980.024279,0.007996,
94980.643013,0.008000,
94982.529224,0.008004,
94984.294285,0.008008,
94989.322006,0.008011,
94991.496285,0.008015,
94993.610006,0.008019,
94996.982538,0.008023,
94997.025279,0.008027,
95003.808000,0.008034,
95005.088000,0.008041,
95009.536000,0.008047,
95013.984000,0.008054,
95032.313544,0.008056,
95048.740006,0.008059,
95975.551858,0.007985,
95979.281292,0.007989,
95979.869813,0.007993,
95983.324698,0.007997,
95983.416451,0.008001,
95989.415406,0.008005,
95991.806698,0.008009,
95995.002292,0.008012,
95995.216365,0.008016,
96001.255406,0.008020,
96003.808000,0.008027,
96006.664406,0.008033,
96007.296000,0.008040,
96012.704000,0.008047,
96031.280771,0.008049,
96049.473406,0.008052,
96974.612484,0.007979,
96979.178305,0.007983,
96979.416613,0.007987,
96981.743678,0.007991,
96983.315112,0.007994,
96989.828807,0.007998,
96989.877112,0.008002,
96994.628807,0.008006,
97000.339305,0.008009,
97004.128000,0.008016,
97005.088000,0.008023,
97010.176000,0.008029,
97015.584000,0.008035,
97032.487998,0.008038,
97047.966807,0.008041,
97974.953111,0.007969,
97979.075319,0.007972,
97979.923413,0.007976,
97981.350905,0.007980,
97983.945526,0.007984,
97988.642207,0.007988,
97989.227526,0.007991,
97995.436319,0.007995,
97996.164018,0.007999,
97999.205018,0.008003,
98003.168000,0.008009,
98004.768000,0.008016,
98008.256000,0.008022,
98012.704000,0.008029,
98031.135225,0.008031,
98048.060207,0.008034,
98973.053738,0.007963,
98978.012332,0.007966,
98979.470213,0.007970,
98982.655939,0.007974,
98982.878132,0.007978,
98987.937939,0.007981,
98989.695607,0.007985,
98993.733332,0.007989,
98995.037845,0.007993,
99003.808000,0.007999,
99004.768000,0.008005,
99008.576000,0.008012,
99013.984000,0.008018,
99031.382452,0.008020,
99047.833607,0.008023,
99973.714365,0.007953,
99978.549346,0.007956,
99978.697013,0.007960,
99981.046353,0.007964,
99982.165358,0.007968,
99986.968353,0.007971,
99988.829007,0.007975,
99993.117007,0.007979,
99997.470346,0.007982,
99999.351672,0.007986,
